trip_id,arrival_time,departure_time,stop_id,stop_sequence,pickup_type,drop_off_type,shape_dist_traveled
2790194,40592,40592,41241,1,0,0,0.61
2793730,43802,43815,45053,1,0,0,0.139
2793730,43829,43855,45052,2,0,0,0.267
2793730,43863,43866,45051,3,0,0,0.383
2793730,43871,43873,45050,4,0,0,0.496
2793730,43883,43886,41537,5,0,0,0.695
2793730,43897,43906,41539,6,0,0,0.874
2793730,43917,43940,46418,7,0,0,1.042
2793446,36634,36649,41216,1,0,0,0.193
2793446,36729,36757,41694,2,0,0,0.619
2793446,36779,36794,41698,3,0,0,0.809
2793446,36820,36838,41700,4,0,0,1.112
2793446,36861,36877,41702,5,0,0,1.363
2793446,36901,36926,41704,6,0,0,1.638
2793446,36939,36956,46272,7,0,0,1.824
2793446,36979,36989,46273,8,0,0,2.127
2793446,37010,37013,41165,9,0,0,2.436
2793446,37027,37047,41162,10,0,0,2.642
2793446,37061,37079,41160,11,0,0,2.842
2793446,37106,37122,41158,12,0,0,3.17
2793446,37137,37140,43264,13,0,0,3.376
2793446,37149,37151,41156,14,0,0,3.549
2793446,37163,37172,41204,15,0,0,3.722
2793446,37189,37192,41202,16,0,0,3.968
2793446,37206,37209,41192,17,0,0,4.2
2793446,37218,37235,41167,18,0,0,4.321
2793446,37250,37273,41200,19,0,0,4.518
2793446,37331,37361,43039,20,0,0,5.289
2793446,37385,37388,43041,21,0,0,5.595
2793446,37404,37407,43044,22,0,0,5.839
2793446,37420,37430,43046,23,0,0,5.996
2793446,37457,37503,43049,24,0,0,6.159
2793446,37538,37605,43052,25,0,0,6.391
2793446,37643,37648,43054,26,0,0,6.67
2793446,37674,37676,42076,27,0,0,6.897
2793446,37691,37694,42097,28,0,0,7.094
2793446,37728,37735,42119,29,0,0,7.296
2793446,37752,37755,42006,30,0,0,7.515
2793446,37768,37775,45046,31,0,0,7.679
2793446,37797,37799,42028,32,0,0,7.826
2793446,37840,37844,42050,33,0,0,8.077
2793446,37885,37902,42053,34,0,0,8.398
2793446,37946,37950,42056,35,0,0,8.619
2793446,37962,37967,42058,36,0,0,8.767
2793446,37991,37992,41419,37,0,0,9.165
2793446,38053,38078,41894,38,0,0,9.936
2793446,38288,38307,41896,39,0,0,11.304
2791953,41268,41277,41899,1,0,0,1.846
2791953,41419,41448,41897,2,0,0,2.735
2791953,41608,41703,41895,3,0,0,4.154
2791953,41780,41802,41431,4,0,0,5.193
2791953,41917,41943,41263,5,0,0,5.676
2791953,41993,42012,41461,6,0,0,5.99
2791953,42043,42062,41463,7,0,0,6.26
2791953,42074,42099,41410,8,0,0,6.405
2791953,42122,42131,41412,9,0,0,6.623
2791953,42159,42187,41414,10,0,0,6.95
2791953,42244,42263,41416,11,0,0,7.264
2791953,42282,42295,41417,12,0,0,7.523
2791953,42310,42330,41421,13,0,0,7.719
2791953,42359,42389,41424,14,0,0,8.072
2791953,42417,42442,41426,15,0,0,8.377
2791953,42490,42507,41428,16,0,0,8.609
2791953,42534,42560,41430,17,0,0,8.912
2791953,42573,42576,41433,18,0,0,9.093
2791953,42615,42637,41435,19,0,0,9.32
2791953,42651,42673,41437,20,0,0,9.507
2791953,42702,42704,41439,21,0,0,9.885
2791953,42716,42719,41441,22,0,0,10.071
2791953,42785,42788,43266,23,0,0,10.788
2791953,42806,42825,41444,24,0,0,11.036
2791953,42846,42858,46424,25,0,0,11.271
2791953,42884,42887,46307,26,0,0,11.479
2791953,42907,42946,41446,27,0,0,11.786
2791953,42967,42980,41448,28,0,0,12.04
2791953,43110,43145,41450,29,0,0,12.436
2791953,43154,43157,43390,30,0,0,12.592
2791953,43190,43207,41452,31,0,0,12.809
2791953,43282,43287,46308,32,0,0,13.588
2791953,43347,43364,41454,33,0,0,13.886
2791953,43383,43385,46620,34,0,0,14.134
2791953,43399,43413,41456,35,0,0,14.276
2791953,43432,43434,41458,36,0,0,14.54
2791953,43470,43489,46317,37,0,0,15.014
2791953,43512,43525,46277,38,0,0,15.363
2791953,43540,43557,46278,39,0,0,15.558
2791953,43590,43640,46319,40,0,0,15.998
2791953,43656,43664,42999,41,0,0,16.169
2791953,43685,43698,43002,42,0,0,16.351
2791953,43723,43732,43004,43,0,0,16.66
2791953,43757,43775,43008,44,0,0,16.973
2791953,43797,43802,42886,45,0,0,17.228
2791953,43813,43828,42888,46,0,0,17.38
2791953,43846,43851,41548,47,0,0,17.582
2791953,43858,43861,41550,48,0,0,17.699
2791953,43870,43889,41552,49,0,0,17.842
2791953,43902,43909,41554,50,0,0,18.03
2791953,43924,43927,41544,51,0,0,18.249
2792944,44543,44546,41241,1,0,0,0.573
2792944,44578,44581,46417,2,0,0,0.796
2792944,44592,44613,42795,3,0,0,0.945
2792944,44625,44628,42585,4,0,0,1.129
2792944,44651,44654,42606,5,0,0,1.356
2792944,44670,44677,42620,6,0,0,1.568
2792944,44688,44691,42622,7,0,0,1.728
2792944,44704,44713,42624,8,0,0,1.91
2792944,44720,44723,42587,9,0,0,2.028
2792944,44738,44740,42589,10,0,0,2.247
2792944,44768,44770,42591,11,0,0,2.661
2792944,44792,44799,42593,12,0,0,2.958
2792944,44809,44817,42595,13,0,0,3.102
2792944,44835,44849,42598,14,0,0,3.296
2792944,44870,44875,42600,15,0,0,3.555
2792944,44885,44894,42602,16,0,0,3.703
2792944,44909,44917,42603,17,0,0,3.89
2792944,44930,44949,42605,18,0,0,4.053
2792944,44959,44963,42608,19,0,0,4.181
2792944,44976,44989,42610,20,0,0,4.34
2792944,45013,45020,42612,21,0,0,4.622
2792944,45033,45037,42614,22,0,0,4.785
2792944,45065,45072,42616,23,0,0,5.116
2792944,45098,45101,42063,24,0,0,5.35
2792944,45119,45137,42061,25,0,0,5.577
2792944,45148,45163,42059,26,0,0,5.727
2792944,45189,45217,46349,27,0,0,6.021
2792944,45225,45229,42057,28,0,0,6.128
2792944,45242,45255,42054,29,0,0,6.314
2792944,45279,45283,46354,30,0,0,6.506
2792944,45298,45302,42052,31,0,0,6.638
2792944,45317,45331,42039,32,0,0,6.829
2792944,45349,45353,42017,33,0,0,7.06
2792944,45368,45383,41997,34,0,0,7.196
2792944,45404,45421,42130,35,0,0,7.441
2792944,45434,45442,42108,36,0,0,7.606
2792944,45463,45467,46324,37,0,0,7.812
2792944,45490,45498,41724,38,0,0,8.104
2792944,45534,45542,41737,39,0,0,8.493
2792944,45569,45576,41735,40,0,0,8.809
2792944,45588,45596,41733,41,0,0,8.959
2792944,45611,45620,41731,42,0,0,9.146
2792944,45640,45652,41722,43,0,0,9.383
2792944,45672,45678,41986,44,0,0,9.623
2792944,45764,45770,41056,45,0,0,9.714
2792944,45786,45795,41059,46,0,0,9.933
2792944,45811,45824,41061,47,0,0,10.137
2792944,45850,45858,41063,48,0,0,10.476
2792944,45892,45898,42497,49,0,0,10.766
2792944,45908,45916,42499,50,0,0,10.903
2792944,45934,45944,42501,51,0,0,11.123
2792944,45973,45982,42504,52,0,0,11.428
2792944,46003,46007,42506,53,0,0,11.678
2793351,36817,36821,42378,1,0,0,0.276
2793351,36856,36871,42224,2,0,0,0.664
2793351,36889,36900,42222,3,0,0,0.907
2793351,36923,36948,42220,4,0,0,1.177
2793351,36968,36976,42218,5,0,0,1.402
2793351,36988,37002,46614,6,0,0,1.573
2793351,37013,37016,42216,7,0,0,1.717
2793351,37034,37036,42213,8,0,0,2.012
2793351,37059,37062,42212,9,0,0,2.407
2793351,37091,37093,42209,10,0,0,2.896
2793351,37122,37124,42206,11,0,0,3.457
2793351,37135,37138,42205,12,0,0,3.682
2793351,37145,37147,46387,13,0,0,3.835
2793351,37166,37184,42202,14,0,0,4.129
2793351,37288,37291,46400,15,0,0,5.118
2793351,37325,37330,42199,16,0,0,5.72
2793351,37342,37345,42196,17,0,0,5.923
2793351,37357,37359,43308,18,0,0,6.139
2793351,37366,37373,42192,19,0,0,6.259
2793351,37396,37399,42190,20,0,0,6.611
2793351,37412,37418,46558,21,0,0,6.842
2793351,37448,37451,46559,22,0,0,7.237
2793351,37484,37489,46560,23,0,0,7.606
2793351,37500,37503,46497,24,0,0,7.767
2793351,37518,37525,46498,25,0,0,8.014
2793351,37552,37557,46561,26,0,0,8.367
2793351,37569,37587,46336,27,0,0,8.571
2793351,37597,37601,46028,28,0,0,8.696
2793351,37649,37663,46029,29,0,0,9.194
2793351,37738,37741,46030,30,0,0,9.661
2793351,37762,37765,46337,31,0,0,9.831
2793351,37795,37800,42797,32,0,0,10.278
2793351,37828,37846,41616,33,0,0,10.515
2793351,37864,37869,41611,34,0,0,10.664
2793351,37890,37897,41613,35,0,0,10.869
2793351,37916,37925,41615,36,0,0,11.113
2793351,37931,37936,41101,37,0,0,11.212
2793351,37944,37950,41110,38,0,0,11.336
2793351,37960,37968,41108,39,0,0,11.48
2793351,37990,38005,41106,40,0,0,11.753
2793351,38034,38038,42104,41,0,0,12.036
2793351,38048,38052,42102,42,0,0,12.189
2793351,38097,38101,42100,43,0,0,12.475
2793351,38121,38154,42098,44,0,0,12.749
2793351,38155,38167,42095,45,0,0,13.077
2793351,38179,38182,42093,46,0,0,13.234
2793351,38210,38218,42091,47,0,0,13.582
2793351,38229,38232,45010,48,0,0,13.753
2793351,38245,38252,42088,49,0,0,13.963
2793351,38265,38272,42085,50,0,0,14.144
2793351,38292,38307,46031,51,0,0,14.374
2793351,38329,38332,42084,52,0,0,14.657
2793351,38344,38360,42081,53,0,0,14.832
2793351,38377,38381,42079,54,0,0,15.001
2793351,38398,38400,42077,55,0,0,15.213
2793351,38414,38429,42074,56,0,0,15.411
2793351,38453,38455,46621,57,0,0,15.745
2793351,38459,38464,42072,58,0,0,15.827
2793351,38480,38487,42070,59,0,0,16.022
2793351,38525,38543,41219,60,0,0,16.327
2793351,38577,38595,42067,61,0,0,16.623
2793351,38619,38636,41557,62,0,0,16.872
2793351,38666,38701,43195,63,0,0,17.108
2793351,38710,38718,43193,64,0,0,17.226
2793351,38742,38751,43191,65,0,0,17.538
2793351,38764,38773,43201,66,0,0,17.72
2793351,38787,38801,43199,67,0,0,17.903
2793351,38809,38816,43197,68,0,0,18.015
2793351,38824,38832,45011,69,0,0,18.117
2793351,38857,38879,41876,70,0,0,18.408
2790518,38027,38031,41197,1,0,0,0.278
2790518,38058,38058,42703,2,0,0,0.564
2790518,38090,38090,43224,3,0,0,0.832
2790518,38109,38109,43222,4,0,0,0.994
2790518,38140,38140,43220,5,0,0,1.249
2790518,38147,38153,43218,6,0,0,1.408
2790518,38168,38174,41788,7,0,0,1.644
2790518,38190,38198,41783,8,0,0,1.865
2790518,38211,38226,41786,9,0,0,2.057
2790518,38252,38271,41193,10,0,0,2.318
2790518,38308,38311,41189,11,0,0,2.435
2790518,38326,38340,41187,12,0,0,2.651
2790518,38363,38365,41185,13,0,0,3.021
2790518,38374,38387,41183,14,0,0,3.183
2790518,38391,38401,46533,15,0,0,3.259
2790518,38413,38416,41181,16,0,0,3.447
2790518,38419,38433,43259,17,0,0,3.537
2790518,38450,38453,41178,18,0,0,3.822
2790518,38467,38469,41176,19,0,0,4.164
2790518,38477,38486,41174,20,0,0,4.294
2790518,38495,38508,43022,21,0,0,4.437
2790518,38519,38532,43037,22,0,0,4.602
2790518,38546,38548,43050,23,0,0,4.823
2790518,38561,38574,46011,24,0,0,5.014
2790518,38584,38595,43043,25,0,0,5.155
2790518,38613,38622,43064,26,0,0,5.415
2790518,38637,38640,43066,27,0,0,5.66
2790518,38655,38663,43068,28,0,0,5.915
2790518,38677,38696,43018,29,0,0,6.101
2790518,38708,38717,43021,30,0,0,6.271
2790518,38745,38816,43430,31,0,0,6.551
2790518,38820,38825,43431,32,0,0,6.837
2790518,38840,38859,43432,33,0,0,7.046
2790518,38896,38918,43433,34,0,0,7.392
2790518,38961,38982,43434,35,0,0,7.856
2790518,39032,39035,46648,36,0,0,8.459
2790518,39043,39065,42509,37,0,0,8.574
2790518,39081,39083,42507,38,0,0,8.805
2790518,39096,39121,42505,39,0,0,9.005
2790518,39146,39173,42503,40,0,0,9.315
2790518,39190,39204,42500,41,0,0,9.534
2790518,39235,39262,42498,42,0,0,9.78
2790518,39276,39295,42496,43,0,0,9.936
2790518,39323,39339,42494,44,0,0,10.207
2790518,39358,39369,42492,45,0,0,10.387
2790518,39375,39390,42489,46,0,0,10.465
2790518,39424,39449,42487,47,0,0,10.748
2790518,39461,39471,42485,48,0,0,10.893
2790518,39484,39499,42483,49,0,0,11.051
2790518,39528,39566,42481,50,0,0,11.213
2790518,39579,39597,42514,51,0,0,11.384
2790518,39612,39615,42512,52,0,0,11.593
2790518,39645,39658,42510,53,0,0,11.722
2790518,39684,39690,42491,54,0,0,11.949
2790518,39713,39716,46012,55,0,0,12.157
2790518,39745,39749,46013,56,0,0,12.385
2790518,39777,39781,46014,57,0,0,12.756
2790518,39803,39806,46015,58,0,0,13.048
2793179,37541,37570,46018,1,0,0,0.521
2793179,37585,37587,46625,2,0,0,0.805
2793179,37648,37663,46109,3,0,0,1.506
2793179,37697,37700,46019,4,0,0,1.887
2793179,37735,37740,46020,5,0,0,2.224
2793179,37791,37810,46021,6,0,0,2.458
2793179,37910,37935,42515,7,0,0,2.599
2793179,37944,37947,42480,8,0,0,2.72
2793179,37966,37969,42511,9,0,0,2.974
2793179,37977,37996,42513,10,0,0,3.091
2793179,38019,38049,42516,11,0,0,3.35
2793179,38056,38077,42482,12,0,0,3.442
2793179,38091,38101,42484,13,0,0,3.613
2793179,38112,38125,42486,14,0,0,3.752
2793179,38146,38166,42488,15,0,0,4.022
2793179,38172,38188,42490,16,0,0,4.116
2793179,38201,38211,42493,17,0,0,4.292
2793179,38231,38234,42495,18,0,0,4.598
2793179,38258,38262,42497,19,0,0,4.831
2793179,38271,38281,42499,20,0,0,4.968
2793179,38297,38321,42501,21,0,0,5.188
2793179,38344,38363,42504,22,0,0,5.493
2793179,38379,38382,42506,23,0,0,5.743
2793179,38392,38395,42508,24,0,0,5.915
2793179,38412,38416,46606,25,0,0,6.16
2793179,38480,38501,43421,26,0,0,6.75
2793179,38546,38565,43422,27,0,0,7.161
2793179,38590,38603,43423,28,0,0,7.456
2793179,38619,38633,43424,29,0,0,7.668
2793179,38659,38679,43425,30,0,0,7.989
2793179,38695,38704,43019,31,0,0,8.194
2793179,38717,38728,43017,32,0,0,8.364
2793179,38742,38751,43016,33,0,0,8.547
2793179,38770,38773,43067,34,0,0,8.818
2793179,38790,38800,43065,35,0,0,9.058
2793179,38824,38834,43056,36,0,0,9.345
2793179,38844,38854,43028,37,0,0,9.48
2793179,38869,38871,43048,38,0,0,9.688
2793179,38885,38894,43035,39,0,0,9.893
2793179,38906,38909,43020,40,0,0,10.064
2793179,38919,38938,43015,41,0,0,10.199
2793179,38953,38955,41175,42,0,0,10.427
2793179,38968,38971,41177,43,0,0,10.676
2793179,38988,39007,43258,44,0,0,10.941
2793179,39016,39020,41179,45,0,0,11.083
2793179,39028,39037,46532,46,0,0,11.212
2793179,39045,39048,41182,47,0,0,11.342
2793179,39057,39061,41184,48,0,0,11.5
2793179,39083,39091,41186,49,0,0,11.815
2793179,39112,39115,41188,50,0,0,12.111
2793179,39124,39133,41191,51,0,0,12.231
2793179,39148,39158,41194,52,0,0,12.433
2793179,39170,39179,41784,53,0,0,12.628
2793179,39194,39204,41785,54,0,0,12.826
2793179,39222,39233,41787,55,0,0,13.075
2793179,39245,39248,43219,56,0,0,13.25
2793179,39267,39273,43221,57,0,0,13.477
2793179,39289,39297,43223,58,0,0,13.678
2793179,39332,39341,42702,59,0,0,13.965
2793139,38640,38654,41033,1,0,0,0.284
2793139,38664,38669,42572,2,0,0,0.406
2793139,38691,38704,46623,3,0,0,0.643
2793139,38718,38721,46507,4,0,0,0.85
2793139,38745,38757,42570,5,0,0,1.074
2793139,38773,38781,46398,6,0,0,1.257
2793139,38801,38805,43163,7,0,0,1.447
2793139,38818,38826,43171,8,0,0,1.624
2793139,38865,38874,43169,9,0,0,2.086
2793139,38881,38884,43167,10,0,0,2.197
2793139,38899,38904,43165,11,0,0,2.392
2793139,38938,38943,41117,12,0,0,2.731
2793139,38954,38959,41115,13,0,0,2.879
2793139,38981,38992,41113,14,0,0,3.14
2793139,39006,39016,41209,15,0,0,3.313
2793139,39040,39052,41082,16,0,0,3.577
2793139,39096,39101,41883,17,0,0,3.952
2793139,39134,39162,41881,18,0,0,4.342
2793139,39177,39183,41879,19,0,0,4.53
2793139,39212,39253,41877,20,0,0,4.735
2793139,39265,39268,41874,21,0,0,4.894
2793139,39282,39285,41872,22,0,0,5.085
2793139,39306,39309,41870,23,0,0,5.365
2793139,39316,39322,41868,24,0,0,5.472
2793139,39354,39396,41866,25,0,0,5.744
2793139,39416,39419,41863,26,0,0,6.007
2793139,39457,39484,41861,27,0,0,6.422
2793139,39499,39502,41859,28,0,0,6.624
2793139,39527,39540,41857,29,0,0,6.881
2793139,39566,39571,41855,30,0,0,7.177
2793139,39594,39646,41853,31,0,0,7.475
2793139,39675,39690,41851,32,0,0,7.818
2793139,39729,39748,41850,33,0,0,8.079
2793139,39784,39788,41847,34,0,0,8.5
2793139,39801,39844,41845,35,0,0,8.66
2793139,39866,39884,41843,36,0,0,8.94
2793139,39933,39972,41835,37,0,0,9.15
2793139,40001,40005,41838,38,0,0,9.5
2793139,40022,40036,41836,39,0,0,9.692
2793139,40050,40069,41840,40,0,0,9.846
2793139,40114,40131,41832,41,0,0,10.141
2793139,40139,40153,41830,42,0,0,10.257
2793139,40196,40199,41827,43,0,0,10.9
2793139,40257,40262,41825,44,0,0,11.144
2793139,40283,40297,41823,45,0,0,11.4
2793139,40315,40327,41821,46,0,0,11.617
2793139,40342,40345,41819,47,0,0,11.842
2793139,40359,40362,41815,48,0,0,12.076
2793139,40377,40406,41816,49,0,0,12.326
2793139,40423,40426,41812,50,0,0,12.561
2793139,40442,40445,41810,51,0,0,12.789
2793139,40482,40485,41808,52,0,0,13.089
2793139,40495,40498,41806,53,0,0,13.24
2793139,40525,40537,41803,54,0,0,13.52
2793139,40556,40596,41801,55,0,0,13.745
2793139,40617,40621,41799,56,0,0,13.988
2793139,40645,40664,41797,57,0,0,14.26
2793139,40682,40736,41795,58,0,0,14.498
2793139,40783,40788,41876,59,0,0,14.781
2793139,40806,40811,46423,60,0,0,15.009
2790817,44722,44807,43295,1,0,0,0.418
2790817,44930,44957,41505,2,0,0,0.785
2790817,44975,44989,41502,3,0,0,1.057
2790817,45030,45034,45058,4,0,0,1.371
2790817,45142,45168,42828,5,0,0,1.876
2790817,45180,45182,42830,6,0,0,2.063
2790817,45191,45194,46422,7,0,0,2.25
2790817,45258,45273,42832,8,0,0,2.947
2790817,45358,45385,41958,9,0,0,3.23
2790817,45423,45443,41937,10,0,0,3.526
2790817,45511,45551,43147,11,0,0,3.875
2790817,45565,45582,43148,12,0,0,4.073
2790817,45602,45637,43507,13,0,0,4.375
2790817,45666,45721,43509,14,0,0,4.587
2790817,45750,45788,41342,15,0,0,4.851
2790817,45801,45819,41360,16,0,0,5.026
2790817,45841,45862,41380,17,0,0,5.311
2790817,45884,45949,41395,18,0,0,5.646
2790817,45968,45989,41323,19,0,0,5.89
2790817,46000,46003,41325,20,0,0,6.048
2790817,46021,46129,41327,21,0,0,6.348
2790817,46150,46166,41331,22,0,0,6.642
2790817,46177,46203,41334,23,0,0,6.81
2790817,46213,46215,41336,24,0,0,6.954
2790817,46224,46240,41338,25,0,0,7.106
2790817,46266,46287,41339,26,0,0,7.268
2790817,46294,46309,41341,27,0,0,7.383
2790817,46325,46343,41344,28,0,0,7.581
2790817,46360,46375,41346,29,0,0,7.831
2790817,46388,46407,41348,30,0,0,8.025
2790817,46417,46420,41350,31,0,0,8.181
2790817,46434,46450,41353,32,0,0,8.388
2790817,46464,46482,41355,33,0,0,8.589
2790817,46497,46499,41357,34,0,0,8.806
2790817,46524,46533,41359,35,0,0,9.045
2790817,46549,46580,41361,36,0,0,9.247
2790817,46606,46624,41363,37,0,0,9.6
2790817,46638,46655,41365,38,0,0,9.786
2790817,46679,46681,41367,39,0,0,10.117
2790817,46690,46706,41369,40,0,0,10.246
2790817,46726,46743,41372,41,0,0,10.5
2790817,46750,46767,41373,42,0,0,10.613
2790817,46791,46808,41377,43,0,0,10.965
2793215,37186,37223,41842,1,0,0,0.306
2793215,37224,37264,41865,2,0,0,0.582
2793215,37278,37284,41887,3,0,0,0.764
2793215,37361,37364,41796,4,0,0,1.126
2793215,37376,37379,41798,5,0,0,1.308
2793215,37398,37411,41800,6,0,0,1.528
2793215,37459,37473,41802,7,0,0,1.863
2793215,37490,37540,41804,8,0,0,2.052
2793215,37577,37581,41807,9,0,0,2.29
2793215,37604,37608,41809,10,0,0,2.633
2793215,37616,37619,41811,11,0,0,2.773
2793215,37645,37688,41813,12,0,0,3.176
2793215,37707,37710,41817,13,0,0,3.472
2793215,37723,37726,41820,14,0,0,3.723
2793215,37735,37741,41822,15,0,0,3.862
2793215,37771,37774,41824,16,0,0,4.223
2793215,37785,37788,41826,17,0,0,4.412
2793215,37907,37921,42705,18,0,0,6.18
2793215,37932,37948,42719,19,0,0,6.324
2793215,37968,37980,42721,20,0,0,6.533
2793215,38007,38010,42718,21,0,0,6.863
2793215,38037,38046,42715,22,0,0,7.21
2793215,38061,38067,42717,23,0,0,7.381
2793215,38081,38084,45014,24,0,0,7.563
2793215,38097,38105,42712,25,0,0,7.713
2793215,38116,38120,42713,26,0,0,7.876
2793215,38133,38140,42709,27,0,0,8.089
2793215,38162,38179,42710,28,0,0,8.404
2793215,38180,38183,43995,29,0,0,8.537
2793215,38190,38209,42707,30,0,0,8.662
2793215,38229,38231,46415,31,0,0,8.953
2793215,38254,38268,43996,32,0,0,9.278
2793215,38286,38289,46391,33,0,0,9.546
2793215,38301,38310,43997,34,0,0,9.728
2792567,46079,46085,41010,1,0,0,0.344
2792567,46099,46108,41011,2,0,0,0.525
2792567,46121,46123,46392,3,0,0,0.732
2792567,46137,46143,41012,4,0,0,0.99
2792567,46166,46170,46416,5,0,0,1.333
2792567,46181,46204,41013,6,0,0,1.5
2792567,46210,46224,41015,7,0,0,1.599
2792567,46233,46239,41014,8,0,0,1.724
2792567,46271,46295,42704,9,0,0,2.16
2792567,46310,46313,42706,10,0,0,2.373
2792567,46324,46332,42708,11,0,0,2.557
2792567,46361,46442,42711,12,0,0,2.84
2792567,46459,46472,42714,13,0,0,3.053
2792567,46503,46520,42723,14,0,0,3.455
2792567,46544,46554,42722,15,0,0,3.735
2792567,46572,46585,42720,16,0,0,3.944
2792567,46600,46609,42716,17,0,0,4.141
2792942,38610,38625,41842,1,0,0,0.493
2792942,38647,38691,41865,2,0,0,0.769
2792942,38706,38715,41887,3,0,0,0.951
2792942,38782,38785,41796,4,0,0,1.313
2792942,38796,38800,41798,5,0,0,1.495
2792942,38824,38856,41800,6,0,0,1.715
2792942,38867,38886,41341,7,0,0,1.842
2792942,38901,38916,41344,8,0,0,2.04
2792942,38934,38937,41346,9,0,0,2.29
2792942,38950,38964,41348,10,0,0,2.484
2792942,38975,38994,41350,11,0,0,2.64
2792942,39010,39043,41353,12,0,0,2.847
2792942,39059,39062,41355,13,0,0,3.048
2792942,39078,39081,41357,14,0,0,3.265
2792942,39098,39101,41359,15,0,0,3.504
2792942,39114,39117,41361,16,0,0,3.706
2792942,39141,39143,41363,17,0,0,4.059
2792942,39154,39157,41365,18,0,0,4.245
2792942,39180,39194,41367,19,0,0,4.576
2792942,39204,39225,41369,20,0,0,4.705
2792942,39244,39247,41372,21,0,0,4.96
2792942,39254,39256,41373,22,0,0,5.072
2792942,39303,39307,41377,23,0,0,5.424
2792942,39315,39319,41379,24,0,0,5.568
2792942,39333,39336,41382,25,0,0,5.786
2792942,39354,39356,41384,26,0,0,6.05
2792942,39388,39392,41386,27,0,0,6.287
2792942,39402,39405,41388,28,0,0,6.453
2792942,39468,39498,43238,29,0,0,6.914
2792942,39514,39620,43242,30,0,0,7.031
2792942,39651,39678,43244,31,0,0,7.384
2792942,39701,39710,43233,32,0,0,7.648
2792942,39732,39740,43235,33,0,0,7.886
2792942,39746,39754,43236,34,0,0,7.978
2792942,39787,39787,41279,35,0,0,8.275
2792942,39795,39798,42880,36,0,0,8.412
2792942,39967,39988,46112,37,0,0,10.642
2792942,40012,40020,46113,38,0,0,10.969
2792942,40030,40042,46313,39,0,0,11.115
2792942,40057,40062,46314,40,0,0,11.329
2792942,40094,40102,46364,41,0,0,11.678
2792942,40115,40123,46365,42,0,0,11.858
2792942,40134,40148,46539,43,0,0,12.026
2792942,40165,40173,46366,44,0,0,12.226
2792942,40194,40199,46367,45,0,0,12.461
2792942,40212,40219,46368,46,0,0,12.667
2792942,40237,40244,46369,47,0,0,12.92
2792942,40248,40306,46370,48,0,0,13.001
2792942,40311,40329,46598,49,0,0,13.459
2792942,40336,40338,46594,50,0,0,13.778
2792942,40353,40357,46544,51,0,0,13.917
2792942,40364,40366,46545,52,0,0,14.046
2792942,40414,40423,46546,53,0,0,14.846
2792942,40439,40447,46547,54,0,0,15.06
2792942,40456,40475,46548,55,0,0,15.185
2791220,45273,45294,42797,1,0,0,0.286
2791220,45324,45372,41616,2,0,0,0.523
2791220,45401,45423,41611,3,0,0,0.672
2791220,45447,45502,41613,4,0,0,0.877
2791220,45521,45521,41615,5,0,0,1.121
2791220,45554,45554,41102,6,0,0,1.337
2791220,45600,45600,41281,7,0,0,1.639
2791220,45617,45634,41279,8,0,0,1.968
2791220,45644,45665,42880,9,0,0,2.104
2791220,45686,45694,42877,10,0,0,2.323
2791220,45727,45760,46114,11,0,0,2.655
2791220,45785,45788,46115,12,0,0,3.042
2791220,45814,45837,46116,13,0,0,3.427
2791220,45854,45857,46117,14,0,0,3.672
2791220,45891,45894,42872,15,0,0,4.293
2791220,45904,45923,42870,16,0,0,4.451
2791220,45951,45981,42868,17,0,0,4.852
2791220,46016,46054,45032,18,0,0,5.388
2791220,46129,46133,42866,19,0,0,5.838
2791220,46170,46173,42864,20,0,0,6.328
2791220,46186,46189,42860,21,0,0,6.619
2791220,46216,46235,42859,22,0,0,7.022
2791220,46294,46311,42855,23,0,0,7.225
2791220,46376,46393,42853,24,0,0,7.655
2791220,46413,46427,42851,25,0,0,7.862
2791220,46446,46449,42849,26,0,0,8.147
2791220,46472,46472,42845,27,0,0,8.569
2791220,46493,46493,42843,28,0,0,8.743
2791220,46587,46598,42840,29,0,0,8.939
2791220,46645,46664,42841,30,0,0,9.116
2791220,46691,46726,45042,31,0,0,9.311
2791450,44973,45029,41842,1,0,0,0.511
2791450,45031,45064,41865,2,0,0,0.787
2791450,45079,45086,41887,3,0,0,0.969
2791450,45176,45178,41796,4,0,0,1.332
2791450,45191,45205,41798,5,0,0,1.513
2791450,45257,45264,41800,6,0,0,1.734
2791450,45275,45299,41341,7,0,0,1.861
2791450,45314,45329,41344,8,0,0,2.059
2791450,45347,45350,41346,9,0,0,2.308
2791450,45363,45378,41348,10,0,0,2.502
2791450,45389,45394,41350,11,0,0,2.659
2791450,45416,45456,41353,12,0,0,2.865
2791450,45485,45489,42521,13,0,0,3.096
2791450,45503,45506,42519,14,0,0,3.297
2791450,45517,45520,42517,15,0,0,3.476
2791450,45531,45541,42528,16,0,0,3.649
2791450,45549,45567,42526,17,0,0,3.757
2791450,45587,45596,42524,18,0,0,4.022
2791450,45600,45608,46160,19,0,0,4.101
2791450,45621,45628,46161,20,0,0,4.265
2791450,45638,45646,46162,21,0,0,4.404
2791450,45650,45658,42238,22,0,0,4.483
2791450,45673,45691,41146,23,0,0,4.634
2791450,45709,45727,41144,24,0,0,4.882
2791450,45734,45751,46163,25,0,0,4.994
2791450,45764,45780,46164,26,0,0,5.162
2791450,45791,45811,46165,27,0,0,5.321
2791450,45824,45833,43391,28,0,0,5.502
2791450,45849,45866,43203,29,0,0,5.731
2791450,45890,45905,43211,30,0,0,5.965
2791450,45921,45930,43209,31,0,0,6.199
2791450,45952,45960,43207,32,0,0,6.495
2791450,45982,46001,43205,33,0,0,6.765
2791450,46022,46029,41975,34,0,0,7.028
2791450,46050,46068,41978,35,0,0,7.296
2791450,46093,46109,41980,36,0,0,7.599
2791450,46125,46141,41982,37,0,0,7.798
2791450,46170,46189,42561,38,0,0,8.074
2791450,46215,46229,42568,39,0,0,8.374
2791450,46263,46277,42566,40,0,0,8.737
2791450,46304,46321,46636,41,0,0,9.088
2791450,46376,46381,41386,42,0,0,9.243
2791450,46391,46398,41388,43,0,0,9.41
2791450,46425,46443,41390,44,0,0,9.779
2791450,46459,46477,41393,45,0,0,9.987
2791450,46509,46512,42101,46,0,0,10.28
2791450,46553,46557,45065,47,0,0,10.574
2791450,46568,46571,41105,48,0,0,10.738
2791450,46588,46606,41107,49,0,0,10.995
2791450,46616,46620,41109,50,0,0,11.146
2791450,46649,46652,41614,51,0,0,11.472
2791450,46668,46677,41612,52,0,0,11.672
2791450,46694,46701,41609,53,0,0,11.882
2791450,46708,46714,41610,54,0,0,11.991
2792896,43610,43626,42797,1,0,0,0.286
2792896,43670,43675,41616,2,0,0,0.523
2792896,43691,43696,41611,3,0,0,0.672
2792896,43720,43723,41613,4,0,0,0.877
2792896,43744,43757,41615,5,0,0,1.121
2792896,43758,43758,41101,6,0,0,1.22
2792896,43777,43777,41110,7,0,0,1.343
2792896,43800,43800,41108,8,0,0,1.487
2792896,43830,43833,41106,9,0,0,1.761
2792896,43861,43864,42104,10,0,0,2.044
2792896,43874,43877,42102,11,0,0,2.197
2792896,43905,43922,41394,12,0,0,2.501
2792896,43944,43978,41392,13,0,0,2.679
2792896,44027,44046,41389,14,0,0,3.034
2792896,44065,44072,41387,15,0,0,3.243
2792896,44087,44091,46637,16,0,0,3.382
2792896,44119,44127,42565,17,0,0,3.724
2792896,44159,44168,42567,18,0,0,4.084
2792896,44191,44194,42569,19,0,0,4.393
2792896,44226,44249,42562,20,0,0,4.664
2792896,44271,44274,41983,21,0,0,4.889
2792896,44304,44333,41981,22,0,0,5.232
2792896,44351,44360,41979,23,0,0,5.448
2792896,44382,44393,41977,24,0,0,5.699
2792896,44414,44437,43206,25,0,0,5.974
2792896,44459,44468,43208,26,0,0,6.262
2792896,44487,44501,43210,27,0,0,6.503
2792896,44526,44536,43212,28,0,0,6.74
2792896,44552,44565,43204,29,0,0,6.954
2792896,44583,44592,46154,30,0,0,7.152
2792896,44604,44607,46155,31,0,0,7.312
2792896,44621,44631,46156,32,0,0,7.48
2792896,44639,44650,41145,33,0,0,7.589
2792896,44675,44698,41140,34,0,0,7.867
2792896,44709,44718,42239,35,0,0,7.987
2792896,44723,44740,42240,36,0,0,8.066
2792896,44751,44761,46157,37,0,0,8.199
2792896,44773,44783,46158,38,0,0,8.365
2792896,44788,44800,46159,39,0,0,8.447
2792896,44819,44860,42525,40,0,0,8.708
2792896,44868,44878,42527,41,0,0,8.819
2792896,44890,44893,42529,42,0,0,8.99
2792896,44903,44906,42518,43,0,0,9.181
2792896,44921,44950,42520,44,0,0,9.41
2792896,44965,45000,41354,45,0,0,9.564
2792896,45010,45031,41352,46,0,0,9.691
2792896,45051,45067,41349,47,0,0,9.934
2792896,45085,45102,41347,48,0,0,10.186
2792896,45117,45121,41345,49,0,0,10.395
2792896,45135,45155,41343,50,0,0,10.571
2792896,45228,45244,41799,51,0,0,10.904
2792896,45267,45271,41797,52,0,0,11.177
2792896,45287,45291,41795,53,0,0,11.414
2792896,45311,45314,41876,54,0,0,11.697
2791597,44441,44446,41020,1,0,0,0.251
2791597,44475,44480,46021,2,0,0,0.528
2791597,44491,44510,42515,3,0,0,0.669
2791597,44520,44525,42480,4,0,0,0.79
2791597,44548,44552,42511,5,0,0,1.043
2791597,44561,44565,42513,6,0,0,1.161
2791597,44639,44655,42516,7,0,0,1.42
2791597,44684,44698,41416,8,0,0,1.708
2791597,44724,44769,41417,9,0,0,1.966
2791597,44787,44792,41421,10,0,0,2.163
2791597,44837,44925,41424,11,0,0,2.515
2791597,44951,44966,41426,12,0,0,2.821
2791597,45002,45007,42815,13,0,0,3.096
2791597,45030,45044,42816,14,0,0,3.391
2791597,45053,45057,42818,15,0,0,3.523
2791597,45077,45081,46633,16,0,0,3.781
2791597,45133,45137,46356,17,0,0,4.03
2791597,45154,45180,41275,18,0,0,4.246
2791597,45199,45203,41277,19,0,0,4.455
2791597,45242,45301,46243,20,0,0,4.759
2791597,45332,45336,41509,21,0,0,5.011
2791597,45353,45356,45063,22,0,0,5.24
2791597,45377,45379,41504,23,0,0,5.55
2791597,45385,45388,41506,24,0,0,5.672
2791597,45406,45410,43296,25,0,0,5.85
2791597,45460,45474,46470,26,0,0,6.11
2791597,45513,45629,44160,27,0,0,6.443
2791597,45678,45695,41931,28,0,0,7.419
2791597,45749,45754,41964,29,0,0,7.734
2791597,45771,45776,41966,30,0,0,7.968
2791597,45797,45801,41941,31,0,0,8.264
2791597,45976,45982,41958,32,0,0,8.663
2791597,46001,46008,41937,33,0,0,8.959
2791597,46101,46105,43147,34,0,0,9.308
2791597,46179,46197,43249,35,0,0,9.622
2791597,46226,46239,43374,36,0,0,9.824
2791597,46260,46265,43439,37,0,0,10.115
2791597,46273,46286,45028,38,0,0,10.266
2791597,46303,46354,45030,39,0,0,10.399
2791597,46384,46408,42836,40,0,0,10.727
2791597,46447,46453,42839,41,0,0,10.895
2791597,46461,46475,42842,42,0,0,11.022
2791597,46550,46553,42844,43,0,0,11.307
2791597,46579,46582,42847,44,0,0,11.751
2791597,46598,46601,42850,45,0,0,11.996
2791597,46619,46623,42852,46,0,0,12.183
2791597,46701,46716,42854,47,0,0,12.665
2791597,46746,46759,41816,48,0,0,12.919
2791597,46777,46781,41812,49,0,0,13.154
2791789,37216,37221,46021,2,0,0,0.528
2791789,37233,37254,42515,3,0,0,0.669
2791789,37263,37267,42480,4,0,0,0.79
2791789,37290,37294,42511,5,0,0,1.043
2791789,37302,37306,42513,6,0,0,1.161
2791789,37333,37344,42516,7,0,0,1.42
2791789,37379,37386,41416,8,0,0,1.708
2791789,37412,37428,41417,9,0,0,1.966
2791789,37447,37451,41421,10,0,0,2.163
2791789,37482,37552,41424,11,0,0,2.515
2791789,37581,37608,41426,12,0,0,2.821
2791789,37655,37657,42815,13,0,0,3.096
2791789,37692,37695,42816,14,0,0,3.391
2791789,37709,37757,42818,15,0,0,3.523
2791789,37780,37783,46633,16,0,0,3.781
2791789,37833,37837,46356,17,0,0,4.03
2791789,37856,37885,41275,18,0,0,4.246
2791789,37905,37924,41277,19,0,0,4.455
2791789,37955,38033,46243,20,0,0,4.759
2791789,38119,38122,41509,21,0,0,5.011
2791789,38146,38150,45063,22,0,0,5.24
2791789,38171,38174,41504,23,0,0,5.55
2791789,38180,38184,41506,24,0,0,5.672
2791789,38216,38220,43296,25,0,0,5.85
2791789,38238,38240,46470,26,0,0,6.11
2791789,38277,38390,44160,27,0,0,6.443
2791789,38421,38427,41931,28,0,0,7.419
2791789,38454,38477,41964,29,0,0,7.734
2791789,38498,38502,41966,30,0,0,7.968
2791789,38526,38598,41941,31,0,0,8.264
2791789,38685,38704,41958,32,0,0,8.663
2791789,38730,38750,41937,33,0,0,8.959
2791789,38784,38806,43147,34,0,0,9.308
2791789,38877,38892,43249,35,0,0,9.622
2791789,38953,38956,43374,36,0,0,9.824
2791789,38977,38980,43439,37,0,0,10.115
2791789,38990,38994,45028,38,0,0,10.266
2791789,39010,39027,45030,39,0,0,10.399
2791789,39084,39099,42836,40,0,0,10.727
2791789,39111,39162,42839,41,0,0,10.895
2791789,39171,39176,42842,42,0,0,11.022
2791789,39248,39251,42844,43,0,0,11.307
2791789,39276,39279,42847,44,0,0,11.751
2791789,39292,39295,42850,45,0,0,11.996
2791789,39305,39361,42852,46,0,0,12.183
2791789,39396,39410,42854,47,0,0,12.665
2791789,39433,39436,41816,48,0,0,12.919
2791789,39451,39454,41812,49,0,0,13.154
2791789,39470,39483,41810,50,0,0,13.382
2791789,39506,39510,41808,51,0,0,13.682
2791789,39523,39527,41806,52,0,0,13.833
2791789,39553,39567,41803,53,0,0,14.113
2791789,39587,39632,41801,54,0,0,14.339
2791789,39653,39656,41799,55,0,0,14.581
2791789,39675,39678,41797,56,0,0,14.854
2791789,39693,39696,41795,57,0,0,15.091
2791789,39717,39747,41876,58,0,0,15.374
2792411,36016,36029,46225,21,0,0,6.258
2792411,36055,36067,46226,22,0,0,6.531
2792411,36095,36107,46227,23,0,0,6.857
2792411,36118,36134,46228,24,0,0,6.997
2792411,36162,36173,46229,25,0,0,7.279
2792411,36182,36193,42550,26,0,0,7.411
2792411,36203,36214,42531,27,0,0,7.554
2792411,36231,36242,42533,28,0,0,7.766
2792411,36260,36271,42535,29,0,0,7.963
2792411,36293,36306,42537,30,0,0,8.138
2792411,36334,36343,42539,31,0,0,8.433
2792411,36359,36380,42542,32,0,0,8.629
2792411,36399,36411,42548,33,0,0,8.849
2792411,36428,36440,42546,34,0,0,9.077
2792411,36466,36474,42541,35,0,0,9.375
2792411,36552,36570,46445,36,0,0,9.597
2792411,36601,36612,46446,37,0,0,9.931
2792411,36623,36641,46447,38,0,0,10.075
2792411,36661,36664,46448,39,0,0,10.309
2792411,36693,36705,46449,40,0,0,10.648
2792411,36722,36737,46450,41,0,0,10.836
2792411,36763,36777,46451,42,0,0,11.076
2792411,36803,36814,46452,43,0,0,11.307
2792411,36832,36847,46453,44,0,0,11.475
2792411,36865,36939,43403,45,0,0,11.749
2792411,36969,36979,41530,46,0,0,12.072
2792411,36991,37002,41532,47,0,0,12.226
2792411,37028,37051,46317,48,0,0,12.457
2792411,37077,37087,46277,49,0,0,12.805
2792411,37171,37176,41663,50,0,0,12.916
2792411,37188,37206,41665,51,0,0,13.069
2792411,37244,37262,41655,52,0,0,13.34
2792411,37272,37288,41656,53,0,0,13.448
2792411,37305,37324,41658,54,0,0,13.645
2792411,37351,37364,42574,55,0,0,13.94
2792411,37397,37407,42576,56,0,0,14.196
2792411,37443,37478,42578,57,0,0,14.561
2792411,37502,37513,42580,58,0,0,14.729
2792411,37531,37534,42886,59,0,0,14.979
2792411,37554,37558,42888,60,0,0,15.13
2792411,37577,37580,42890,61,0,0,15.407
2792411,37601,37602,42893,62,0,0,15.592
2792411,37630,37630,42897,63,0,0,15.818
2790696,37901,37909,46239,1,0,0,0.142
2790696,37931,37939,46240,2,0,0,0.309
2790696,37957,37965,46241,3,0,0,0.557
2790696,37990,37990,46242,4,0,0,0.857
2790696,38037,38037,41715,5,0,0,1.211
2790696,38064,38064,41713,6,0,0,1.409
2790696,38318,38321,43066,7,0,0,1.669
2790696,38336,38342,43068,8,0,0,1.925
2790696,38358,38370,43018,9,0,0,2.111
2790696,38384,38392,43021,10,0,0,2.281
2790696,38407,38415,43024,11,0,0,2.474
2790696,38431,38433,43026,12,0,0,2.676
2790696,38459,38472,43029,13,0,0,3.037
2790696,38491,38502,43031,14,0,0,3.298
2790696,38529,38546,43032,15,0,0,3.573
2790696,38565,38578,45045,16,0,0,3.826
2790696,38592,38599,43036,17,0,0,4.026
2790696,38650,38703,43039,18,0,0,4.774
2790696,38727,38758,43041,19,0,0,5.079
2790696,38776,38781,43044,20,0,0,5.324
2790696,38792,38803,43046,21,0,0,5.481
2790696,38815,38831,43049,22,0,0,5.644
2790696,38875,38898,41056,23,0,0,5.957
2790696,38918,38926,41059,24,0,0,6.175
2790696,38941,38950,41061,25,0,0,6.38
2790696,38978,38987,41063,26,0,0,6.719
2790696,39024,39039,42498,27,0,0,6.981
2790696,39049,39052,42496,28,0,0,7.137
2790696,39071,39085,42494,29,0,0,7.408
2790696,39099,39119,42492,30,0,0,7.589
2790696,39124,39133,42489,31,0,0,7.666
2790696,39156,39164,42487,32,0,0,7.949
2790696,39175,39184,42485,33,0,0,8.094
2790696,39194,39198,42483,34,0,0,8.252
2790696,39210,39229,42481,35,0,0,8.414
2790696,39246,39260,42514,36,0,0,8.585
2790696,39274,39277,42512,37,0,0,8.794
2790696,39285,39288,42510,38,0,0,8.923
2790696,39395,39411,41301,39,0,0,9.26
2790696,39435,39458,41303,40,0,0,9.568
2790696,39471,39486,41285,41,0,0,9.739
2790696,39497,39500,41291,42,0,0,9.887
2790696,39514,39516,41287,43,0,0,10.089
2790696,39527,39540,46603,44,0,0,10.248
2790696,39556,39571,41289,45,0,0,10.462
2790696,39588,39592,41292,46,0,0,10.706
2790696,39610,39613,42822,47,0,0,10.877
2790696,39621,39677,42825,48,0,0,11.013
2790696,39778,39781,41509,49,0,0,11.519
2790696,39804,39823,45063,50,0,0,11.748
2790696,39843,39846,41504,51,0,0,12.058
2790696,39851,39854,41506,52,0,0,12.18
2790696,39877,39897,43296,53,0,0,12.358
2791702,41040,41084,43295,1,0,0,0.378
2791702,41126,41145,41505,2,0,0,0.745
2791702,41200,41204,41502,3,0,0,1.017
2791702,41253,41263,45058,4,0,0,1.331
2791702,41281,41284,41508,5,0,0,1.56
2791702,41307,41332,42826,6,0,0,1.821
2791702,41433,41448,46633,7,0,0,2.336
2791702,41460,41463,41290,8,0,0,2.506
2791702,41543,41546,41288,9,0,0,2.911
2791702,41562,41578,41286,10,0,0,3.155
2791702,41597,41613,41284,11,0,0,3.425
2791702,41635,41640,41302,12,0,0,3.742
2791702,41693,41712,42480,13,0,0,3.97
2791702,41731,41735,42511,14,0,0,4.224
2791702,41743,41747,42513,15,0,0,4.341
2791702,41768,41848,42516,16,0,0,4.6
2791702,41855,41874,42482,17,0,0,4.691
2791702,41887,41896,42484,18,0,0,4.863
2791702,41906,41915,42486,19,0,0,5.002
2791702,41934,41943,42488,20,0,0,5.272
2791702,41949,41971,42490,21,0,0,5.366
2791702,41984,41999,42493,22,0,0,5.542
2791702,42019,42021,42495,23,0,0,5.848
2791702,42045,42062,41057,24,0,0,6.087
2791702,42076,42091,41064,25,0,0,6.26
2791702,42117,42133,41062,26,0,0,6.575
2791702,42149,42157,41060,27,0,0,6.799
2791702,42174,42247,41058,28,0,0,7.038
2791702,42268,42285,43047,29,0,0,7.313
2791702,42298,42306,43045,30,0,0,7.488
2791702,42319,42321,43042,31,0,0,7.684
2791702,42331,42333,43040,32,0,0,7.88
2791702,42352,42400,43038,33,0,0,8.173
2791702,42471,42474,43033,34,0,0,8.878
2791702,42493,42496,45008,35,0,0,9.138
2791702,42515,42522,43034,36,0,0,9.379
2791702,42539,42550,43030,37,0,0,9.603
2791702,42575,42585,43027,38,0,0,9.92
2791702,42608,42611,43025,39,0,0,10.28
2791702,42665,42669,43023,40,0,0,10.527
2791702,42677,42687,43019,41,0,0,10.656
2791702,42700,42709,43017,42,0,0,10.826
2791702,42721,42730,43016,43,0,0,11.008
2791702,42748,42750,43067,44,0,0,11.279
2791702,42764,42778,43065,45,0,0,11.519
2791702,42788,42788,41714,46,0,0,11.72
2791702,42945,42949,46322,47,0,0,12.074
2791702,42972,42980,46244,48,0,0,12.383
2791702,42991,42994,46245,49,0,0,12.57
2792024,40889,40918,41842,1,0,0,0.511
2792024,40919,40924,41865,2,0,0,0.787
2792024,40935,40941,41887,3,0,0,0.969
2792024,40999,41010,41796,4,0,0,1.332
2792024,41023,41026,41798,5,0,0,1.513
2792024,41045,41075,41800,6,0,0,1.734
2792024,41085,41089,41341,7,0,0,1.861
2792024,41102,41105,41344,8,0,0,2.059
2792024,41121,41124,41346,9,0,0,2.308
2792024,41138,41153,41348,10,0,0,2.502
2792024,41163,41167,41350,11,0,0,2.659
2792024,41182,41202,41353,12,0,0,2.865
2792024,41255,41270,42521,13,0,0,3.096
2792024,41284,41287,42519,14,0,0,3.297
2792024,41298,41303,42517,15,0,0,3.476
2792024,41316,41325,42528,16,0,0,3.649
2792024,41333,41358,42526,17,0,0,3.757
2792024,41381,41394,42524,18,0,0,4.022
2792024,41425,41433,42522,19,0,0,4.407
2792024,41473,41536,46262,20,0,0,4.882
2792024,41563,41565,45031,21,0,0,5.245
2792024,41849,41853,42705,22,0,0,8.856
2792024,41864,41874,42719,23,0,0,9.0
2792024,41893,41904,42721,24,0,0,9.209
2792024,41938,41959,41754,25,0,0,9.507
2792024,41970,41974,41756,26,0,0,9.668
2792024,41994,42010,41758,27,0,0,9.888
2792024,42023,42023,42422,28,0,0,10.122
2792024,42046,42046,42424,29,0,0,10.308
2792024,42069,42069,42426,30,0,0,10.495
2792024,42073,42080,42479,34,0,0,11.414
2792024,42120,42124,42467,35,0,0,11.595
2792024,42136,42159,42469,36,0,0,11.744
2792024,42180,42209,42471,37,0,0,11.985
2792024,42220,42225,42785,38,0,0,12.116
2792024,42251,42263,42787,39,0,0,12.375
2792024,42309,42328,42789,40,0,0,12.801
2792024,42354,42375,42767,41,0,0,13.077
2792024,42391,42400,42769,42,0,0,13.259
2792024,42424,42432,42771,43,0,0,13.547
2792024,42449,42484,42773,44,0,0,13.764
2792024,42499,42517,42775,45,0,0,13.937
2792024,42541,42563,42777,46,0,0,14.195
2792024,42579,42594,42779,47,0,0,14.392
2792024,42608,42611,43162,48,0,0,14.606
2792024,42647,42650,42782,49,0,0,14.978
2792024,42664,42679,42784,50,0,0,15.167
2792024,42729,42733,42251,51,0,0,15.532
2792024,42746,42749,42254,52,0,0,15.726
2792024,42819,42830,42256,53,0,0,15.913
2792024,42851,42854,42258,54,0,0,16.196
2792024,42867,42870,42247,55,0,0,16.401
2792024,42880,42883,42248,56,0,0,16.575
2792024,42902,42906,42249,57,0,0,16.792
2792024,42937,42941,41961,58,0,0,16.95
2792024,42951,42954,41954,59,0,0,17.129
2792024,43021,43025,46602,60,0,0,17.369
2792024,43038,43044,43939,61,0,0,17.489
2792024,43063,43077,43921,62,0,0,17.759
2792024,43131,43136,43922,63,0,0,18.258
2792024,43163,43166,46504,64,0,0,18.607
2792024,43195,43213,46503,65,0,0,18.962
2792024,43254,43269,43923,66,0,0,19.334
2792024,43277,43281,43924,67,0,0,19.45
2792024,43293,43296,46412,68,0,0,19.651
2792024,43332,43337,43984,69,0,0,19.851
2792024,43348,43352,41295,70,0,0,19.999
2792024,43456,43504,43920,71,0,0,20.75
2792024,43623,43627,43925,72,0,0,21.252
2792024,43641,43644,43927,73,0,0,21.471
2792024,43650,43653,43928,74,0,0,21.599
2792024,43747,43750,43296,75,0,0,21.763
2792024,43768,43771,46470,76,0,0,22.023
2792024,43804,43804,44170,77,0,0,22.582
2792024,43841,43841,43385,78,0,0,22.782
2792024,43877,43877,43386,79,0,0,22.976
2792024,43912,43912,46531,80,0,0,23.168
2792024,43956,43961,43979,81,0,0,23.402
2792024,43979,43992,43387,82,0,0,23.619
2792024,44076,44079,46422,83,0,0,23.927
2792024,44133,44184,42832,84,0,0,24.624
2792024,44211,44226,41958,85,0,0,24.907
2792024,44249,44258,41937,86,0,0,25.203
2792024,44353,44356,43147,87,0,0,25.552
2792024,44367,44379,43148,88,0,0,25.75
2792352,46282,46303,41842,1,0,0,0.511
2792352,46330,46330,41865,2,0,0,0.787
2792352,46361,46361,41887,3,0,0,0.969
2792352,46400,46421,41796,4,0,0,1.332
2792352,46438,46442,41798,5,0,0,1.513
2792352,46465,46490,41800,6,0,0,1.734
2792352,46502,46518,41341,7,0,0,1.861
2792352,46533,46553,41344,8,0,0,2.059
2792352,46571,46585,41346,9,0,0,2.308
2792352,46599,46613,41348,10,0,0,2.502
2792352,46625,46628,41350,11,0,0,2.659
2792352,46641,46644,41353,12,0,0,2.865
2792352,46743,46758,42521,13,0,0,3.096
2792352,46771,46774,42519,14,0,0,3.297
2792352,46784,46787,42517,15,0,0,3.476
2792352,46798,46817,42528,16,0,0,3.649
2790939,44432,44450,41957,1,0,0,1.162
2790939,44472,44477,41952,2,0,0,1.455
2790939,44603,44607,41942,3,0,0,1.844
2790939,44819,44852,44903,4,0,0,3.488
2790939,45632,45653,41481,5,0,0,12.239
2790939,45681,45694,46130,6,0,0,12.533
2790939,45708,45722,43070,7,0,0,12.739
2790939,45734,45753,43072,8,0,0,12.907
2790939,45771,45779,43074,9,0,0,13.152
2790939,45788,45804,43076,10,0,0,13.284
2790939,45823,45841,42952,11,0,0,13.499
2790939,45861,45864,42949,12,0,0,13.794
2790939,45871,45881,42948,13,0,0,13.924
2790939,45892,45909,46325,14,0,0,14.088
2790939,45929,45939,42946,15,0,0,14.357
2790939,45962,45971,42944,16,0,0,14.677
2790939,45980,45983,42942,17,0,0,14.83
2790939,45998,46016,42939,18,0,0,15.051
2790939,46030,46045,42937,19,0,0,15.234
2790939,46062,46075,46604,20,0,0,15.453
2790939,46082,46090,42935,21,0,0,15.552
2790939,46107,46110,42933,22,0,0,15.787
2790939,46118,46127,42930,23,0,0,15.904
2790939,46155,46173,42928,24,0,0,16.139
2790939,46184,46203,42926,25,0,0,16.292
2790939,46212,46220,42924,26,0,0,16.429
2790939,46232,46240,42922,27,0,0,16.581
2790939,46255,46274,42919,28,0,0,16.793
2790939,46307,46326,42917,29,0,0,16.971
2790939,46341,46345,42915,30,0,0,17.195
2790939,46357,46376,42913,31,0,0,17.391
2790939,46394,46402,42896,32,0,0,17.619
2790939,46420,46423,42997,33,0,0,17.887
2790939,46435,46443,42975,34,0,0,18.067
2790939,46457,46467,42953,35,0,0,18.249
2790939,46487,46505,42931,36,0,0,18.56
2790939,46520,46523,42884,37,0,0,18.776
2790939,46534,46537,46641,38,0,0,18.92
2790939,46554,46560,46290,39,0,0,19.17
2790939,46585,46604,46291,40,0,0,19.512
2790939,46619,46628,46292,41,0,0,19.72
2790939,46640,46643,46293,42,0,0,19.917
2790939,46659,46662,46294,43,0,0,20.253
2790939,46670,46673,46295,44,0,0,20.423
2790939,46694,46700,46296,45,0,0,20.749
2793194,40376,40379,41197,1,0,0,0.298
2793194,40396,40402,43260,2,0,0,0.541
2793194,40411,40420,41190,3,0,0,0.662
2793194,40434,40452,46280,4,0,0,0.805
2793194,40461,40468,41784,5,0,0,0.943
2793194,40483,40489,41785,6,0,0,1.141
2793194,40507,40516,41787,7,0,0,1.39
2793194,40529,40535,46281,8,0,0,1.569
2793194,40551,40558,46282,9,0,0,1.799
2793194,40728,40732,46283,10,0,0,3.209
2793194,40750,40753,46284,11,0,0,3.502
2793194,40759,40762,46285,12,0,0,3.662
2793194,40778,40781,46286,13,0,0,4.008
2793194,40789,40803,46287,14,0,0,4.184
2793194,40817,40820,46288,15,0,0,4.396
2793194,40845,40851,46289,16,0,0,4.759
2793194,40870,40878,46640,17,0,0,5.051
2793194,40884,40898,42920,18,0,0,5.144
2793194,40916,40929,42940,19,0,0,5.339
2793194,40953,40959,42964,20,0,0,5.659
2793194,40969,40986,42987,21,0,0,5.817
2793194,41000,41003,42885,22,0,0,6.009
2793194,41018,41029,42908,23,0,0,6.27
2793194,41043,41046,42914,24,0,0,6.488
2793194,41063,41066,42916,25,0,0,6.8
2793194,41079,41083,42918,26,0,0,7.011
2793194,41110,41127,42921,27,0,0,7.133
2793194,41145,41158,42923,28,0,0,7.333
2793194,41170,41181,42925,29,0,0,7.476
2793194,41191,41197,42927,30,0,0,7.614
2793194,41208,41234,42929,31,0,0,7.769
2793194,41256,41284,42932,32,0,0,8.01
2793194,41291,41295,42934,33,0,0,8.119
2793194,41312,41334,42936,34,0,0,8.355
2793194,41341,41352,46605,35,0,0,8.45
2793194,41370,41379,42938,36,0,0,8.67
2793194,41393,41396,42941,37,0,0,8.868
2793194,41408,41421,42943,38,0,0,9.053
2793194,41433,41440,42945,39,0,0,9.23
2793194,41484,41508,42947,40,0,0,9.552
2793194,41531,41555,45036,41,0,0,9.814
2793194,41566,41588,42950,42,0,0,9.954
2793194,41603,41606,42951,43,0,0,10.156
2793194,41623,41627,42954,44,0,0,10.414
2793194,41639,41666,42956,45,0,0,10.569
2793194,41681,41697,43075,46,0,0,10.752
2793194,41718,41811,43073,47,0,0,11.0
2793194,41824,41827,43071,48,0,0,11.186
2793194,41837,41882,43069,49,0,0,11.329
2793194,41909,41948,41483,50,0,0,11.661
2793194,42542,42652,44913,51,0,0,20.16
2793194,42777,42795,41941,52,0,0,21.797
2793194,42883,42887,41958,53,0,0,22.197
2793194,42910,42927,41937,54,0,0,22.492
