trip_id,arrival_time,departure_time,stop_id,stop_sequence,pickup_type,drop_off_type,shape_dist_traveled
2792401,31682,31687,41842,1,0,0,0.269
2792401,31711,31716,41865,2,0,0,0.545
2792401,31731,31738,41887,3,0,0,0.727
2792401,31775,31780,41796,4,0,0,1.089
2792401,31797,31807,41798,5,0,0,1.271
2792401,31849,31891,41800,6,0,0,1.491
2792401,31923,31934,41802,7,0,0,1.826
2792401,31953,31995,41804,8,0,0,2.015
2792401,32018,32037,41807,9,0,0,2.253
2792401,32065,32081,41809,10,0,0,2.596
2792401,32091,32095,41811,11,0,0,2.736
2792401,32129,32151,41813,12,0,0,3.139
2792401,32174,32177,41817,13,0,0,3.435
2792401,32208,32214,41820,14,0,0,3.686
2792401,32228,32246,41822,15,0,0,3.825
2792401,32348,32352,41824,16,0,0,4.186
2792401,32364,32367,41826,17,0,0,4.375
2792401,32418,32450,41828,18,0,0,5.056
2792401,32465,32487,41831,19,0,0,5.236
2792401,32508,32511,41839,20,0,0,5.493
2792401,32554,32568,41834,21,0,0,5.649
2792401,32581,32585,41837,22,0,0,5.81
2792401,32650,32654,41833,23,0,0,6.197
2792401,32664,32664,41841,24,0,0,6.368
2792401,32692,32692,41844,25,0,0,6.576
2792401,32735,32735,41846,26,0,0,6.893
2792401,32799,32812,41848,27,0,0,7.299
2792401,32833,32847,41849,28,0,0,7.501
2792401,32899,32928,41852,29,0,0,7.85
2792401,32951,32976,41854,30,0,0,8.107
2792401,33017,33030,41856,31,0,0,8.444
2792401,33050,33067,41858,32,0,0,8.66
2792401,33090,33094,41860,33,0,0,8.908
2792401,33119,33122,41862,34,0,0,9.267
2792401,33144,33186,41864,35,0,0,9.545
2792401,33199,33204,41867,36,0,0,9.715
2792401,33248,33251,41869,37,0,0,9.914
2792401,33275,33288,41871,38,0,0,10.222
2792401,33304,33304,41873,39,0,0,10.426
2792401,33315,33319,41875,40,0,0,10.535
2792401,33334,33336,41878,41,0,0,10.762
2792401,33347,33350,41880,42,0,0,10.944
2792401,33380,33383,41882,43,0,0,11.408
2792401,33394,33397,41884,44,0,0,11.594
2792401,33410,33413,46438,45,0,0,11.811
2792401,33422,33425,41886,46,0,0,11.991
2792401,33432,33434,41889,47,0,0,12.129
2792401,33444,33447,41070,48,0,0,12.306
2791277,31245,31255,41893,1,0,0,0.54
2791277,31275,31291,41891,2,0,0,0.762
2791277,31302,31302,41890,3,0,0,0.97
2791277,31320,31320,41888,4,0,0,1.109
2791277,31330,31333,46437,5,0,0,1.303
2791277,31347,31378,41885,6,0,0,1.489
2791277,31399,31401,41883,7,0,0,1.759
2791277,31431,31434,41881,8,0,0,2.149
2791277,31448,31451,41879,9,0,0,2.337
2791277,31466,31469,41877,10,0,0,2.542
2791277,31481,31484,41874,11,0,0,2.7
2791277,31498,31501,41872,12,0,0,2.892
2791277,31523,31526,41870,13,0,0,3.171
2791277,31533,31538,41868,14,0,0,3.279
2791277,31570,31570,41866,15,0,0,3.551
2791277,31597,31621,41863,16,0,0,3.814
2791277,31673,31679,41861,17,0,0,4.229
2791277,31695,31699,41859,18,0,0,4.431
2791277,31732,31754,41857,19,0,0,4.688
2791277,31777,31780,41855,20,0,0,4.983
2791277,31804,31827,41853,21,0,0,5.282
2791277,31852,31855,41851,22,0,0,5.625
2791277,31872,31875,41850,23,0,0,5.886
2791277,31906,31926,41847,24,0,0,6.306
2791277,31940,31944,41845,25,0,0,6.467
2791277,31964,31967,41843,26,0,0,6.747
2791277,31982,32021,41835,27,0,0,6.957
2791277,32045,32048,41838,28,0,0,7.307
2791277,32060,32077,41836,29,0,0,7.499
2791277,32087,32101,41840,30,0,0,7.652
2791277,32155,32173,41832,31,0,0,7.948
2791277,32214,32228,41830,32,0,0,8.063
2791277,32281,32284,41827,33,0,0,8.707
2791277,32343,32348,41825,34,0,0,8.95
2791277,32369,32402,41823,35,0,0,9.207
2791277,32416,32418,41821,36,0,0,9.424
2791277,32431,32434,41819,37,0,0,9.649
2791277,32450,32465,41815,38,0,0,9.883
2791277,32530,32532,41816,39,0,0,10.133
2791277,32546,32549,41812,40,0,0,10.368
2791277,32572,32575,41810,41,0,0,10.596
2791277,32594,32596,41808,42,0,0,10.896
2791277,32604,32607,41806,43,0,0,11.047
2791277,32627,32645,41803,44,0,0,11.327
2791277,32662,32726,41801,45,0,0,11.552
2791277,32745,32748,41799,46,0,0,11.795
2791277,32770,32775,41797,47,0,0,12.067
2791277,32790,32795,41795,48,0,0,12.305
2791277,32816,32819,41876,49,0,0,12.588
2793032,30692,30697,41842,1,0,0,0.493
2793032,30721,30725,41865,2,0,0,0.769
2793032,30741,30747,41887,3,0,0,0.951
2793032,30769,30789,43196,4,0,0,1.132
2793032,30799,30809,43198,5,0,0,1.244
2793032,30825,30848,43200,6,0,0,1.423
2793032,30863,30886,43202,7,0,0,1.602
2793032,30918,30929,43192,8,0,0,1.917
2793032,30945,30954,43194,9,0,0,2.091
2793032,30974,30988,41556,10,0,0,2.282
2793032,31022,31040,42066,11,0,0,2.56
2793032,31063,31078,41230,12,0,0,2.822
2793032,31122,31132,42068,13,0,0,3.102
2793032,31153,31157,42069,14,0,0,3.324
2793032,31167,31170,42071,15,0,0,3.489
2793032,31189,31199,42073,16,0,0,3.736
2793032,31212,31217,42075,17,0,0,3.902
2793032,31236,31239,42078,18,0,0,4.128
2793032,31254,31264,42080,19,0,0,4.303
2793032,31277,31296,42082,20,0,0,4.474
2793032,31318,31333,42083,21,0,0,4.758
2793032,31352,31373,46327,22,0,0,4.988
2793032,31388,31398,42086,23,0,0,5.177
2793032,31414,31417,42089,24,0,0,5.407
2793032,31428,31437,42090,25,0,0,5.554
2793032,31468,31482,42092,26,0,0,5.912
2793032,31496,31514,42094,27,0,0,6.067
2793032,31541,31554,42096,28,0,0,6.402
2793032,31575,31579,42099,29,0,0,6.686
2793032,31598,31602,42101,30,0,0,6.95
2793032,31630,31633,45065,31,0,0,7.244
2793032,31644,31647,41105,32,0,0,7.408
2793032,31667,31677,41107,33,0,0,7.665
2793032,31688,31691,41109,34,0,0,7.816
2793032,31733,31737,41614,35,0,0,8.142
2793032,31763,31787,41612,36,0,0,8.342
2793032,31808,31818,41609,37,0,0,8.553
2793032,31826,31832,41610,38,0,0,8.661
2793032,31879,31895,42798,39,0,0,8.931
2793032,31913,31916,46399,40,0,0,9.183
2793032,31927,31930,46306,41,0,0,9.355
2793032,31949,31953,45071,42,0,0,9.508
2793032,32005,32008,45074,43,0,0,9.927
2793032,32034,32043,46329,44,0,0,10.334
2793032,32061,32064,45076,45,0,0,10.609
2793032,32071,32091,46562,46,0,0,10.745
2793032,32116,32125,46033,47,0,0,11.106
2793032,32148,32150,46483,48,0,0,11.417
2793032,32172,32191,46484,49,0,0,11.596
2793032,32219,32222,46485,50,0,0,11.919
2793032,32268,32271,42188,51,0,0,12.411
2793032,32278,32281,42189,52,0,0,12.559
2793032,32305,32313,42191,53,0,0,12.894
2793032,32323,32326,42193,54,0,0,13.045
2793032,32340,32343,42194,55,0,0,13.24
2793032,32355,32429,42197,56,0,0,13.416
2793032,32468,32474,46401,57,0,0,14.073
2793032,32568,32571,42201,58,0,0,15.052
2793032,32584,32587,46386,59,0,0,15.321
2793032,32595,32598,42203,60,0,0,15.514
2793032,32609,32612,42204,61,0,0,15.713
2793032,32641,32646,42208,62,0,0,16.277
2793032,32673,32676,42210,63,0,0,16.821
2793032,32691,32694,42211,64,0,0,17.145
2793032,32710,32713,42214,65,0,0,17.445
2793032,32722,32725,46615,66,0,0,17.598
2793032,32739,32753,42217,67,0,0,17.761
2793032,32770,32773,42219,68,0,0,18.018
2793032,32789,32799,42221,69,0,0,18.262
2793032,32817,32821,42223,70,0,0,18.526
2790292,27325,27336,46025,1,0,0,0.21
2790292,27357,27359,46490,2,0,0,0.522
2790292,27377,27381,46491,3,0,0,0.695
2790292,27407,27411,46492,4,0,0,1.017
2790292,27437,27444,46493,5,0,0,1.404
2790292,27464,27467,42187,6,0,0,1.696
2790292,27484,27489,42229,7,0,0,1.957
2790292,27511,27514,46496,8,0,0,2.231
2790292,27536,27539,46497,9,0,0,2.497
2790292,27556,27561,46498,10,0,0,2.745
2790292,27616,27631,45068,11,0,0,3.191
2790292,27649,27652,46333,12,0,0,3.467
2790292,27671,27675,46334,13,0,0,3.715
2790292,27706,27709,46335,14,0,0,4.043
2790292,27735,27777,45072,15,0,0,4.423
2790292,27791,27793,46336,16,0,0,4.625
2790292,27799,27802,46028,17,0,0,4.749
2790292,27853,27867,46029,18,0,0,5.247
2790292,27931,27934,46030,19,0,0,5.714
2790292,27951,27953,46337,20,0,0,5.884
2790292,27985,28007,42797,21,0,0,6.331
2790292,28035,28054,41616,22,0,0,6.568
2790292,28072,28076,41611,23,0,0,6.717
2790292,28098,28103,41613,24,0,0,6.923
2790292,28125,28135,41615,25,0,0,7.167
2790292,28141,28146,41101,26,0,0,7.265
2790292,28154,28158,41110,27,0,0,7.389
2790292,28169,28179,41108,28,0,0,7.533
2790292,28214,28220,41106,29,0,0,7.806
2790292,28254,28268,42104,30,0,0,8.09
2790292,28279,28282,42102,31,0,0,8.242
2790292,28326,28330,42100,32,0,0,8.529
2790292,28353,28393,42098,33,0,0,8.802
2790292,28394,28406,42095,34,0,0,9.131
2790292,28416,28431,42093,35,0,0,9.288
2790292,28460,28471,42091,36,0,0,9.636
2790292,28483,28486,45010,37,0,0,9.807
2790292,28501,28511,42088,38,0,0,10.016
2790292,28527,28545,42085,39,0,0,10.197
2790292,28564,28574,46031,40,0,0,10.428
2790292,28598,28601,42084,41,0,0,10.711
2790292,28616,28635,42081,42,0,0,10.885
2790292,28649,28653,42079,43,0,0,11.054
2790292,28670,28685,42077,44,0,0,11.267
2790292,28702,28710,42074,45,0,0,11.464
2790292,28736,28738,46621,46,0,0,11.799
2790292,28743,28751,42072,47,0,0,11.881
2790292,28786,28795,42070,48,0,0,12.075
2790292,28836,28862,41219,49,0,0,12.38
2790292,28893,28899,42067,50,0,0,12.677
2790292,28929,28935,41557,51,0,0,12.925
2790292,28965,28970,43195,52,0,0,13.161
2790292,28981,29010,43193,53,0,0,13.279
2790292,29038,29056,43191,54,0,0,13.592
2790292,29073,29083,43201,55,0,0,13.773
2790292,29100,29110,43199,56,0,0,13.956
2790292,29119,29129,43197,57,0,0,14.069
2790292,29138,29174,45011,58,0,0,14.17
2790292,29200,29203,41876,59,0,0,14.461
2792701,29415,29420,41267,1,0,0,0.53
2792701,29427,29438,41221,2,0,0,0.65
2792701,29454,29472,41223,3,0,0,0.837
2792701,29512,29540,41225,4,0,0,1.235
2792701,29553,29570,41227,5,0,0,1.39
2792701,29596,29610,41229,6,0,0,1.7
2792701,29656,29665,41232,7,0,0,2.192
2792701,29684,29695,41234,8,0,0,2.38
2792701,29720,29731,41236,9,0,0,2.616
2792701,29744,29821,41238,10,0,0,2.738
2792701,29835,29845,41240,11,0,0,2.89
2792701,29857,29863,41243,12,0,0,3.03
2792701,29879,29884,41245,13,0,0,3.195
2792701,29957,29983,45043,14,0,0,3.497
2792701,29989,30007,41247,15,0,0,3.593
2792701,30022,30037,41249,16,0,0,3.77
2792701,30051,30060,41251,17,0,0,3.927
2792701,30097,30107,41253,18,0,0,4.229
2792701,30121,30138,41255,19,0,0,4.396
2792701,30148,30168,41257,20,0,0,4.535
2792701,30184,30254,41260,21,0,0,4.742
2792701,30261,30287,41263,22,0,0,4.838
2792701,30349,30369,41461,23,0,0,5.152
2792701,30393,30412,41463,24,0,0,5.422
2792701,30439,30454,43062,25,0,0,5.658
2792701,30470,30480,43060,26,0,0,5.856
2792701,30500,30503,43058,27,0,0,6.125
2792701,30524,30544,43055,28,0,0,6.385
2792701,30567,30581,46009,29,0,0,6.651
2792701,30596,30601,46010,30,0,0,6.831
2792701,30617,30622,43053,31,0,0,7.014
2792701,30635,30667,43051,32,0,0,7.18
2792701,30700,30700,43047,33,0,0,7.44
2792701,30715,30724,43045,34,0,0,7.615
2792701,30740,30760,43042,35,0,0,7.811
2792701,30782,30801,43040,36,0,0,8.007
2792701,30822,30825,43038,37,0,0,8.301
2792701,30878,30896,43033,38,0,0,9.005
2792701,30976,30979,45008,39,0,0,9.265
2792701,30997,31024,43034,40,0,0,9.506
2792701,31042,31052,43030,41,0,0,9.73
2792701,31077,31088,43027,42,0,0,10.047
2792701,31116,31119,43025,43,0,0,10.407
2792701,31153,31157,43023,44,0,0,10.654
2792701,31166,31181,43019,45,0,0,10.783
2790529,25468,25486,46385,56,0,0,17.145
2790529,25556,25568,46630,57,0,0,18.06
2791924,28187,28191,41197,1,0,0,0.278
2791924,28216,28216,42703,2,0,0,0.564
2791924,28248,28248,43224,3,0,0,0.832
2791924,28267,28267,43222,4,0,0,0.994
2791924,28298,28298,43220,5,0,0,1.249
2791924,28328,28343,43218,6,0,0,1.408
2791924,28362,28370,41788,7,0,0,1.644
2791924,28388,28396,41783,8,0,0,1.865
2791924,28410,28419,41786,9,0,0,2.057
2791924,28444,28448,41193,10,0,0,2.318
2791924,28456,28459,41189,11,0,0,2.435
2791924,28478,28486,41187,12,0,0,2.651
2791924,28513,28516,41185,13,0,0,3.021
2791924,28526,28528,41183,14,0,0,3.183
2791924,28532,28541,46533,15,0,0,3.259
2791924,28555,28559,41181,16,0,0,3.447
2791924,28565,28573,43259,17,0,0,3.537
2791924,28592,28594,41178,18,0,0,3.822
2791924,28616,28618,41176,19,0,0,4.164
2791924,28628,28637,41174,20,0,0,4.294
2791924,28648,28666,43022,21,0,0,4.437
2791924,28679,28687,43037,22,0,0,4.602
2791924,28702,28705,43050,23,0,0,4.823
2791924,28719,28735,46011,24,0,0,5.014
2791924,28747,28756,43043,25,0,0,5.155
2791924,28776,28791,43064,26,0,0,5.415
2791924,28810,28830,43066,27,0,0,5.66
2791924,28850,28861,43068,28,0,0,5.915
2791924,28923,28933,43018,29,0,0,6.101
2791924,28947,28955,43021,30,0,0,6.271
2791924,29006,29042,43430,31,0,0,6.551
2791924,29045,29060,43431,32,0,0,6.837
2791924,29077,29098,43432,33,0,0,7.046
2791924,29126,29149,43433,34,0,0,7.392
2791924,29219,29222,43434,35,0,0,7.856
2791924,29278,29294,46648,36,0,0,8.459
2791924,29302,29320,42509,37,0,0,8.574
2791924,29337,29350,42507,38,0,0,8.805
2791924,29365,29385,42505,39,0,0,9.005
2791924,29409,29429,42503,40,0,0,9.315
2791924,29446,29462,42500,41,0,0,9.534
2791924,29527,29548,42498,42,0,0,9.78
2791924,29559,29561,42496,43,0,0,9.936
2791924,29581,29590,42494,44,0,0,10.207
2791924,29603,29612,42492,45,0,0,10.387
2791924,29616,29624,42489,46,0,0,10.465
2791924,29647,29661,42487,47,0,0,10.748
2791924,29672,29686,42485,48,0,0,10.893
2791924,29698,29717,42483,49,0,0,11.051
2791924,29789,29816,42481,50,0,0,11.213
2791924,29832,29849,42514,51,0,0,11.384
2791924,29864,29866,42512,52,0,0,11.593
2791924,29876,29893,42510,53,0,0,11.722
2791924,29914,29932,42491,54,0,0,11.949
2791924,29952,29968,46012,55,0,0,12.157
2791924,29986,30000,46013,56,0,0,12.385
2791924,30027,30029,46014,57,0,0,12.756
2791924,30048,30107,46015,58,0,0,13.048
2792759,31824,31842,46564,1,0,0,0.4
2792759,31850,31871,46565,2,0,0,0.525
2792759,31885,31900,46566,3,0,0,0.711
2792759,31916,31939,46567,4,0,0,0.933
2792759,31971,31981,46568,5,0,0,1.234
2792759,32004,32023,46569,6,0,0,1.553
2792759,32028,32045,41968,7,0,0,1.649
2792759,32064,32096,41970,8,0,0,1.875
2792759,32110,32137,41972,9,0,0,2.045
2792759,32154,32173,41974,10,0,0,2.248
2792759,32196,32204,41618,11,0,0,2.532
2792759,32248,32254,46570,12,0,0,2.956
2792759,32291,32304,46571,13,0,0,3.219
2792759,32324,32342,46572,14,0,0,3.442
2792759,32371,32385,46573,15,0,0,3.757
2792759,32405,32414,46574,16,0,0,3.976
2792759,32440,32450,46575,17,0,0,4.318
2792759,32467,32481,46576,18,0,0,4.546
2792759,32526,32542,42498,19,0,0,4.869
2792759,32553,32570,42496,20,0,0,5.026
2792759,32590,32600,42494,21,0,0,5.296
2792759,32613,32624,42492,22,0,0,5.477
2792759,32628,32638,42489,23,0,0,5.555
2792759,32660,32671,42487,24,0,0,5.838
2792759,32681,32700,42485,25,0,0,5.983
2792759,32711,32731,42483,26,0,0,6.14
2792759,32786,32790,42481,27,0,0,6.303
2792759,32806,32847,42514,28,0,0,6.473
2792759,32861,32864,42512,29,0,0,6.683
2792759,32872,32888,42510,30,0,0,6.812
2792759,32905,33001,42491,31,0,0,7.039
2792759,33016,33034,46012,32,0,0,7.247
2792759,33049,33052,46013,33,0,0,7.475
2792759,33084,33087,46014,34,0,0,7.845
2792759,33115,33120,46015,35,0,0,8.137
2793176,29941,29941,46648,1,0,0,0.152
2793176,29982,29982,41312,2,0,0,0.346
2793176,30035,30035,43127,3,0,0,0.596
2793176,30047,30065,43150,4,0,0,0.787
2793176,30091,30112,43157,5,0,0,1.054
2793176,30129,30144,43159,6,0,0,1.234
2793176,30153,30170,43108,7,0,0,1.363
2793176,30188,30216,43110,8,0,0,1.555
2793176,30230,30232,43112,9,0,0,1.743
2793176,30250,30273,43114,10,0,0,1.971
2793176,30296,30316,43116,11,0,0,2.243
2793176,30340,30359,43118,12,0,0,2.468
2793176,30368,30383,43120,13,0,0,2.589
2793176,30429,30513,43122,14,0,0,2.848
2793176,30533,30540,43124,15,0,0,3.079
2793176,30554,30572,43126,16,0,0,3.243
2793176,30584,30593,43129,17,0,0,3.397
2793176,30600,30626,43131,18,0,0,3.487
2793176,30645,30653,43133,19,0,0,3.747
2793176,30738,30757,43135,20,0,0,3.889
2793176,30774,30805,43137,21,0,0,4.094
2793176,30837,30841,43140,22,0,0,4.359
2793176,30889,30896,43142,23,0,0,4.735
2793176,30946,30950,43144,24,0,0,5.446
2793176,30990,31011,43147,25,0,0,5.767
2793176,31025,31055,43148,26,0,0,5.965
2792960,30642,30667,43343,1,0,0,0.574
2792960,30685,30711,43146,2,0,0,0.785
2792960,30735,30738,43145,3,0,0,1.124
2792960,30781,30806,43143,4,0,0,1.726
2792960,30855,30877,43438,5,0,0,2.21
2792960,30896,30975,43139,6,0,0,2.449
2792960,30987,31006,43136,7,0,0,2.604
2792960,31020,31044,43134,8,0,0,2.778
2792960,31060,31060,43132,9,0,0,2.981
2792960,31080,31080,43130,10,0,0,3.074
2792960,31114,31114,43128,11,0,0,3.229
2792960,31139,31148,43125,12,0,0,3.392
2792960,31162,31216,43123,13,0,0,3.595
2792960,31241,31251,43121,14,0,0,3.88
2792960,31266,31275,43119,15,0,0,4.072
2792960,31287,31307,43117,16,0,0,4.22
2792960,31330,31341,43115,17,0,0,4.497
2792960,31367,31367,43113,18,0,0,4.719
2792960,31388,31388,43111,19,0,0,4.883
2792960,31417,31417,43109,20,0,0,5.114
2792960,31445,31454,43107,21,0,0,5.236
2792960,31469,31482,43158,22,0,0,5.41
2792960,31503,31512,43156,23,0,0,5.668
2792960,31521,31525,43138,24,0,0,5.796
2792960,31542,31546,46408,25,0,0,6.055
2792960,31564,31591,41313,26,0,0,6.196
2792960,31749,31753,46409,27,0,0,6.539
2792960,31757,31760,46441,28,0,0,6.648
2792960,31782,31785,46410,29,0,0,7.034
2792960,31800,31817,46432,30,0,0,7.25
2792960,31946,31973,43392,31,0,0,9.236
2792960,31988,32004,43393,32,0,0,9.408
2792960,32031,32042,43394,33,0,0,9.716
2792725,27773,27792,41028,1,0,0,0.414
2792725,27871,27899,43249,2,0,0,0.564
2792725,27919,27923,43374,3,0,0,0.766
2792725,27947,27951,43439,4,0,0,1.057
2792725,27958,27962,45028,5,0,0,1.208
2792725,28014,28040,45030,6,0,0,1.341
2792725,28042,28061,42836,7,0,0,1.669
2792725,28194,28207,41738,8,0,0,2.177
2792725,28224,28227,41742,9,0,0,2.451
2792725,28263,28281,41744,10,0,0,2.822
2792725,28303,28316,41746,11,0,0,3.117
2792725,28342,28355,46099,12,0,0,3.497
2792725,28476,28497,46100,13,0,0,4.362
2792725,28536,28542,46101,14,0,0,4.602
2792725,28562,28581,46102,15,0,0,4.92
2792725,28599,28620,46103,16,0,0,5.206
2792725,28634,28653,46104,17,0,0,5.41
2792725,28685,28688,46105,18,0,0,5.689
2792725,28706,28709,46388,19,0,0,5.876
2792725,28720,28723,46426,20,0,0,6.097
2792725,28762,28765,46511,21,0,0,6.561
2792725,28777,28821,46635,22,0,0,6.961
2792725,28893,28896,46344,23,0,0,7.36
2792725,28919,28922,46023,24,0,0,7.585
2792725,28945,28954,42730,25,0,0,7.89
2792725,28965,28973,43419,26,0,0,8.04
2792725,28985,28995,42726,27,0,0,8.197
2792725,29010,29019,41076,28,0,0,8.393
2792725,29042,29051,42557,29,0,0,8.653
2792725,29072,29081,42556,30,0,0,8.888
2792725,29096,29106,45017,31,0,0,9.067
2792725,29124,29133,42554,32,0,0,9.273
2792725,29150,29160,42552,33,0,0,9.479
2792725,29172,29182,43180,34,0,0,9.628
2792725,29322,29328,41860,35,0,0,10.13
2792725,29350,29353,41862,36,0,0,10.489
2792725,29369,29372,41864,37,0,0,10.767
2792725,29383,29390,41867,38,0,0,10.937
2792725,29411,29414,41869,39,0,0,11.136
2792725,29433,29436,41871,40,0,0,11.444
2792725,29446,29449,41873,41,0,0,11.648
2792725,29454,29457,41875,42,0,0,11.757
2792725,29469,29472,41878,43,0,0,11.984
2792725,29482,29485,41880,44,0,0,12.166
2792725,29517,29517,41882,45,0,0,12.63
2792725,29530,29533,41884,46,0,0,12.816
2792725,29545,29549,46438,47,0,0,13.033
2792725,29557,29560,41886,48,0,0,13.213
2792725,29567,29570,41889,49,0,0,13.351
2790124,35814,35822,41893,1,0,0,0.54
2790124,35842,35845,41891,2,0,0,0.762
2790124,35858,35860,41890,3,0,0,0.97
2790124,35868,35871,41888,4,0,0,1.109
2790124,35885,35900,46437,5,0,0,1.303
2790124,35914,35934,41885,6,0,0,1.489
2790124,35955,35973,41883,7,0,0,1.759
2790348,26390,26406,41893,1,0,0,0.54
2790348,26449,26453,41891,2,0,0,0.762
2790348,26469,26472,41890,3,0,0,0.97
2790348,26482,26485,41888,4,0,0,1.109
2790348,26501,26505,46437,5,0,0,1.303
2790348,26521,26565,41885,6,0,0,1.489
2790348,26589,26594,41883,7,0,0,1.759
2790348,26631,26665,41881,8,0,0,2.149
2790348,26682,26687,41879,9,0,0,2.337
2790348,26707,26724,41877,10,0,0,2.542
2790348,26737,26741,41874,11,0,0,2.7
2790348,26755,26758,41872,12,0,0,2.892
2790348,26781,26784,41870,13,0,0,3.171
2790348,26793,26806,41868,14,0,0,3.279
2790348,26833,26838,41866,15,0,0,3.551
2790348,26865,26885,41863,16,0,0,3.814
2790348,26958,26967,41861,17,0,0,4.229
2790348,27038,27057,43183,18,0,0,4.689
2790348,27072,27100,43184,19,0,0,4.84
2790348,27120,27140,42551,20,0,0,5.043
2790348,27160,27170,45018,21,0,0,5.259
2790348,27185,27196,42553,22,0,0,5.424
2790348,27220,27239,42555,23,0,0,5.665
2790348,27270,27286,41077,24,0,0,5.971
2790348,27298,27318,41078,25,0,0,6.12
2790348,27330,27340,46303,26,0,0,6.26
2790348,27354,27372,42727,27,0,0,6.419
2790348,27402,27438,42729,28,0,0,6.753
2790348,27467,27486,46345,29,0,0,6.955
2790348,27518,27596,46382,30,0,0,7.307
2790348,27696,27699,46512,31,0,0,7.76
2790348,27721,27730,46425,32,0,0,8.038
2790348,27752,27772,46389,33,0,0,8.369
2790348,27815,27818,46094,34,0,0,8.649
2790348,27831,27833,45021,35,0,0,8.917
2790348,27848,27867,45020,36,0,0,9.202
2790348,27884,27936,41740,37,0,0,9.395
2790348,27960,27989,41739,38,0,0,9.692
2790348,28034,28038,46095,39,0,0,9.964
2790348,28151,28153,46096,40,0,0,10.821
2790348,28186,28192,46097,41,0,0,11.206
2790348,28210,28213,41745,42,0,0,11.493
2790348,28236,28238,41743,43,0,0,11.87
2790348,28258,28260,41741,44,0,0,12.209
2790348,28279,28297,42840,45,0,0,12.412
2790348,28313,28317,42841,46,0,0,12.59
2790348,28337,28360,45042,47,0,0,12.784
2790348,28517,28520,43248,48,0,0,13.148
2790348,28530,28546,43900,49,0,0,13.303
2790348,28569,28584,43372,50,0,0,13.606
2790348,28601,28694,46304,51,0,0,13.816
2792726,30179,30189,41893,1,0,0,0.54
2792726,30214,30217,41891,2,0,0,0.762
2792726,30233,30238,41890,3,0,0,0.97
2792726,30248,30253,41888,4,0,0,1.109
2792726,30270,30275,46437,5,0,0,1.303
2792726,30290,30294,41885,6,0,0,1.489
2792726,30319,30340,41883,7,0,0,1.759
2792726,30380,30414,41881,8,0,0,2.149
2792726,30430,30436,41879,9,0,0,2.337
2792726,30466,30485,41877,10,0,0,2.542
2792726,30499,30503,41874,11,0,0,2.7
2792726,30520,30532,41872,12,0,0,2.892
2792726,30553,30556,41870,13,0,0,3.171
2792726,30585,30624,41868,14,0,0,3.279
2792726,30676,30700,41866,15,0,0,3.551
2792726,30761,30774,41863,16,0,0,3.814
2792726,30825,30833,41861,17,0,0,4.229
2792726,30892,30909,43183,18,0,0,4.689
2792726,30919,30936,43184,19,0,0,4.84
2792726,30949,30966,42551,20,0,0,5.043
2792726,30981,30993,45018,21,0,0,5.259
2792726,31003,31012,42553,22,0,0,5.424
2792726,31029,31045,42555,23,0,0,5.665
2792726,31070,31075,41077,24,0,0,5.971
2792726,31085,31093,41078,25,0,0,6.12
2792726,31101,31109,46303,26,0,0,6.26
2792726,31121,31134,42727,27,0,0,6.419
2792726,31158,31161,42729,28,0,0,6.753
2792726,31182,31185,46345,29,0,0,6.955
2792726,31213,31233,46382,30,0,0,7.307
2792726,31300,31303,46512,31,0,0,7.76
2792726,31322,31331,46425,32,0,0,8.038
2792726,31351,31354,46389,33,0,0,8.369
2792726,31374,31377,46094,34,0,0,8.649
2792726,31391,31394,45021,35,0,0,8.917
2792726,31408,31411,45020,36,0,0,9.202
2792726,31420,31478,41740,37,0,0,9.395
2792726,31498,31513,41739,38,0,0,9.692
2792726,31544,31562,46095,39,0,0,9.964
2792726,31651,31669,46096,40,0,0,10.821
2792726,31699,31703,46097,41,0,0,11.206
2792726,31723,31740,41745,42,0,0,11.493
2792726,31764,31767,41743,43,0,0,11.87
2792726,31785,31788,41741,44,0,0,12.209
2792726,31807,31820,42840,45,0,0,12.412
2792726,31836,31843,42841,46,0,0,12.59
2792726,31861,31864,45042,47,0,0,12.784
2792726,31920,31923,43248,48,0,0,13.148
2792726,31932,31935,43900,49,0,0,13.303
2792726,31957,31962,43372,50,0,0,13.606
2792726,31979,32073,46304,51,0,0,13.816
2790716,25208,25226,41416,12,0,0,3.61
2790716,25249,25267,41417,13,0,0,3.868
2790716,25284,25288,41421,14,0,0,4.065
2790716,25318,25326,41424,15,0,0,4.417
2790716,25404,25409,42811,16,0,0,4.899
2790716,25432,25441,42810,17,0,0,5.129
2790716,25459,25468,45035,18,0,0,5.321
2790716,25476,25486,42809,19,0,0,5.434
2790716,25495,25505,42807,20,0,0,5.545
2790716,25513,25529,42806,21,0,0,5.653
2790716,25544,25554,42821,22,0,0,5.827
2790716,25576,25580,42802,23,0,0,6.103
2790716,25598,25615,42800,24,0,0,6.31
2790716,25644,25658,42882,25,0,0,6.687
2790716,25666,25669,42881,26,0,0,6.809
2790716,25684,25687,42863,27,0,0,7.042
2790716,25693,25696,42837,28,0,0,7.155
2790716,25713,25727,42819,29,0,0,7.372
2790716,25832,25837,41270,30,0,0,8.529
2790716,25867,25884,41269,31,0,0,8.857
2790716,25902,25916,42639,32,0,0,9.07
2790716,25926,25930,46106,33,0,0,9.216
2790716,25937,25940,43437,34,0,0,9.338
2790716,25958,25970,42662,35,0,0,9.552
2790716,25973,25977,46406,36,0,0,9.621
2790716,25987,25990,42674,37,0,0,9.768
2790716,26018,26021,42676,38,0,0,10.137
2790716,26031,26034,42678,39,0,0,10.296
2790716,26052,26072,42641,40,0,0,10.49
2790716,26087,26090,42643,41,0,0,10.678
2790716,26111,26121,42645,42,0,0,10.919
2790716,26151,26165,42648,43,0,0,11.172
2790716,26186,26198,42651,44,0,0,11.43
2790716,26213,26216,45033,45,0,0,11.653
2790716,26226,26229,42656,46,0,0,11.811
2790716,26244,26257,42654,47,0,0,12.027
2790716,26282,26285,42658,48,0,0,12.402
2790716,26300,26311,42659,49,0,0,12.647
2790716,26327,26329,42661,50,0,0,12.912
2790716,26342,26344,42664,51,0,0,13.168
2790716,26374,26376,42667,52,0,0,13.704
2790716,26401,26409,42669,53,0,0,14.087
2790716,26433,26445,42671,54,0,0,14.208
2790716,26462,26465,42761,55,0,0,14.438
2790716,26481,26483,42763,56,0,0,14.654
2790716,26504,26515,42765,57,0,0,14.878
2790716,26531,26534,43077,58,0,0,15.099
2790716,26546,26549,43093,59,0,0,15.26
2790716,26573,26586,43095,60,0,0,15.543
2790716,26605,26608,43097,61,0,0,15.784
2790716,26620,26638,43079,62,0,0,15.961
2790716,26664,26666,43081,63,0,0,16.293
2789955,25231,25247,43096,5,0,0,1.302
2789955,25283,25307,43094,6,0,0,1.579
2789955,25319,25323,43088,7,0,0,1.748
2789955,25331,25337,43091,8,0,0,1.857
2789955,25366,25368,42764,9,0,0,2.172
2789955,25386,25407,42762,10,0,0,2.428
2789955,25429,25441,42760,11,0,0,2.636
2789955,25507,25511,42672,12,0,0,2.802
2789955,25532,25535,42670,13,0,0,3.154
2789955,25565,25567,42668,14,0,0,3.699
2789955,25578,25581,42666,15,0,0,3.944
2789955,25596,25598,42665,16,0,0,4.235
2789955,25612,25615,42663,17,0,0,4.491
2789955,25635,25660,42660,18,0,0,4.788
2789955,25681,25684,42657,19,0,0,5.074
2789955,25693,25709,42653,20,0,0,5.213
2789955,25724,25738,42655,21,0,0,5.402
2789955,25766,25770,42652,22,0,0,5.689
2789955,25800,25822,42650,23,0,0,5.885
2789955,25832,25837,42647,24,0,0,5.968
2789955,25852,25855,42646,25,0,0,6.174
2789955,25885,25900,42644,26,0,0,6.43
2789955,25909,25913,42642,27,0,0,6.572
2789955,25926,25929,42640,28,0,0,6.782
2789955,25949,25972,42677,29,0,0,7.05
2789955,25985,25989,46407,30,0,0,7.224
2789955,25997,26015,42675,31,0,0,7.343
2789955,26027,26030,43436,32,0,0,7.522
2789955,26037,26040,46439,33,0,0,7.654
2789955,26048,26066,42673,34,0,0,7.777
2789955,26086,26105,42649,35,0,0,8.015
2789955,26122,26125,41271,36,0,0,8.254
2789955,26144,26149,42823,37,0,0,8.407
2789955,26231,26262,42430,38,0,0,9.421
2789955,26280,26283,42827,39,0,0,9.665
2789955,26290,26293,42848,40,0,0,9.78
2789955,26305,26307,42874,41,0,0,10.004
2789955,26315,26329,42878,42,0,0,10.124
2789955,26358,26368,42883,43,0,0,10.484
2789955,26388,26392,42801,44,0,0,10.7
2789955,26427,26449,42803,45,0,0,10.972
2789955,26466,26476,42804,46,0,0,11.154
2789955,26484,26495,42805,47,0,0,11.26
2789955,26504,26514,42808,48,0,0,11.377
2789955,26523,26533,45034,49,0,0,11.484
2789955,26552,26567,42813,50,0,0,11.681
2789955,26589,26611,42814,51,0,0,11.913
2789955,26664,26688,41423,52,0,0,12.135
2789955,26729,26736,41425,53,0,0,12.33
2789955,26770,26773,41422,54,0,0,12.708
2789955,26784,26787,41420,55,0,0,12.882
2789955,26810,26815,41418,56,0,0,13.155
2789955,26911,26924,42481,57,0,0,13.523
2789955,26946,27010,42514,58,0,0,13.693
2789955,27026,27029,42512,59,0,0,13.903
2789955,27039,27056,42510,60,0,0,14.032
2789955,27077,27172,42491,61,0,0,14.259
2789955,27191,27196,46012,62,0,0,14.467
2789955,27212,27215,46013,63,0,0,14.695
2789955,27247,27250,46014,64,0,0,15.065
2789955,27310,27316,46015,65,0,0,15.357
2792569,25209,25213,46617,70,0,0,22.715
2791175,35162,35171,41216,1,0,0,0.199
2791175,35204,35209,42647,2,0,0,0.463
2791175,35224,35227,42646,3,0,0,0.669
2791175,35255,35258,42644,4,0,0,0.925
2791175,35267,35270,42642,5,0,0,1.067
2791175,35283,35285,42640,6,0,0,1.276
2791175,35303,35305,42677,7,0,0,1.545
2791175,35315,35318,46407,8,0,0,1.718
2791175,35325,35328,42675,9,0,0,1.838
2791175,35339,35341,43436,10,0,0,2.016
2791175,35349,35352,46439,11,0,0,2.148
2791175,35358,35360,42673,12,0,0,2.271
2791175,35377,35387,42649,13,0,0,2.51
2791175,35403,35403,41271,14,0,0,2.748
2791175,35420,35420,42823,15,0,0,2.902
2791175,35525,35534,42430,16,0,0,3.916
2791175,35552,35567,42827,17,0,0,4.16
2791175,35574,35577,42848,18,0,0,4.274
2791175,35590,35592,42874,19,0,0,4.499
2791175,35598,35602,42878,20,0,0,4.619
2791175,35626,35635,42883,21,0,0,4.978
2791175,35650,35653,42801,22,0,0,5.194
2791175,35667,35670,46652,23,0,0,5.411
2791175,35690,35699,46139,24,0,0,5.592
2791175,35725,35734,46140,25,0,0,5.905
2791175,35761,35784,41617,26,0,0,6.217
2791175,35834,35843,46141,27,0,0,6.474
2791175,35862,35880,46142,28,0,0,6.685
2791175,35895,35903,46143,29,0,0,6.875
2791175,35916,35932,46394,30,0,0,7.048
2791175,35957,35972,42147,31,0,0,7.385
2791175,35978,35983,42149,32,0,0,7.493
2790417,27390,27409,41842,1,0,0,0.437
2790417,27429,27448,41865,2,0,0,0.713
2790417,27462,27477,41887,3,0,0,0.895
2790417,27503,27518,41796,4,0,0,1.257
2790417,27532,27557,41798,5,0,0,1.439
2790417,27575,27600,41800,6,0,0,1.659
2790417,27628,27644,41802,7,0,0,1.994
2790417,27658,27661,41804,8,0,0,2.183
2790417,27678,27691,41807,9,0,0,2.421
2790417,27750,27766,41809,10,0,0,2.764
2790417,27776,27779,41811,11,0,0,2.904
2790417,27828,27863,42855,12,0,0,3.477
2790417,27922,27939,42853,13,0,0,3.906
2790417,27954,27958,42851,14,0,0,4.113
2790417,27978,27996,42849,15,0,0,4.398
2790417,28023,28023,42845,16,0,0,4.82
2790417,28051,28051,42843,17,0,0,4.994
2790417,28093,28093,42840,18,0,0,5.19
2790417,28126,28144,45042,20,0,0,5.562
2790417,28283,28302,43248,21,0,0,5.925
2790417,28312,28327,43900,22,0,0,6.08
2790417,28350,28353,43372,23,0,0,6.384
2790417,28438,28458,43343,24,0,0,6.68
2790417,28476,28481,43146,25,0,0,6.892
2790417,28516,28522,41957,26,0,0,7.229
2790417,28591,28596,41952,27,0,0,7.522
2790417,28767,28772,41942,28,0,0,7.911
2790417,28808,28829,41965,29,0,0,8.355
2790417,28916,28935,41932,30,0,0,8.788
2790417,29057,29088,44060,31,0,0,9.719
2790417,29186,29204,43295,32,0,0,10.097
2790417,29294,29312,41505,33,0,0,10.464
2790417,29331,29344,41502,34,0,0,10.736
2790417,29364,29367,45058,35,0,0,11.05
2790417,29429,29432,41508,36,0,0,11.28
2790417,29474,29477,46328,37,0,0,11.491
2790417,29501,29521,41278,38,0,0,11.764
2790417,29537,29540,41276,39,0,0,11.982
2790417,29553,29556,41274,40,0,0,12.18
2790417,29711,29714,42820,41,0,0,12.674
2790417,29724,29727,42817,42,0,0,12.87
2790417,29746,29764,42812,43,0,0,13.16
2790417,29868,29871,41423,44,0,0,13.514
2790417,29885,29973,41425,45,0,0,13.709
2790417,29998,30001,41422,46,0,0,14.087
2790417,30010,30023,41420,47,0,0,14.261
2790417,30042,30061,41418,48,0,0,14.535
2790417,30146,30162,42481,49,0,0,14.902
2790417,30188,30193,42514,50,0,0,15.073
2790417,30207,30210,42512,51,0,0,15.282
2790417,30233,30238,42510,52,0,0,15.411
2790417,30315,30315,41620,53,0,0,15.851
2790650,25451,25468,43343,1,0,0,0.592
2790650,25485,25492,43146,2,0,0,0.804
2790650,25523,25530,41957,3,0,0,1.141
2790650,25556,25562,41952,4,0,0,1.434
2790650,25687,25691,42833,5,0,0,1.665
2790650,25778,25782,43380,6,0,0,2.501
2790650,25793,25796,43381,7,0,0,2.67
2790650,25806,25808,43980,8,0,0,2.831
2790650,25828,25833,46530,9,0,0,3.034
2790650,25902,25906,43382,10,0,0,3.236
2790650,25925,25934,43383,11,0,0,3.464
2790650,25960,25985,44061,12,0,0,3.716
2790650,26085,26100,43295,13,0,0,4.283
2790650,26134,26137,41510,14,0,0,4.71
2790650,26233,26237,41770,15,0,0,5.101
2790650,26252,26268,43405,16,0,0,5.333
2790650,26281,26300,41772,17,0,0,5.503
2790650,26356,26371,41296,18,0,0,6.289
2790650,26400,26400,41605,19,0,0,6.567
2790650,26425,26425,41603,20,0,0,6.741
2790650,26457,26457,46535,21,0,0,6.966
2790650,26489,26497,45027,22,0,0,7.174
2790650,26526,26553,41608,23,0,0,7.587
2790650,26571,26589,46424,24,0,0,7.803
2790650,26603,26606,46307,25,0,0,8.012
2790650,26624,26628,41446,26,0,0,8.318
2790650,26641,26658,41448,27,0,0,8.572
2790650,26685,26700,41450,28,0,0,8.968
2790650,26801,26809,46326,29,0,0,9.55
2790650,26818,26834,41678,30,0,0,9.676
2790650,26850,26859,41676,31,0,0,9.852
2790650,26880,26889,41674,32,0,0,10.112
2790650,26918,26927,41672,33,0,0,10.446
2790650,26942,26950,41670,34,0,0,10.664
2790650,26970,26984,41685,35,0,0,10.933
2790650,26994,27002,41682,36,0,0,11.092
2790650,27030,27039,41632,37,0,0,11.46
2790650,27076,27087,41630,38,0,0,11.759
2790650,27102,27110,41306,39,0,0,11.964
2790650,27132,27146,41304,40,0,0,12.246
2790650,27156,27164,41309,41,0,0,12.387
2790650,27186,27197,41311,42,0,0,12.607
2790650,27209,27218,41683,43,0,0,12.767
2790650,27230,27247,41681,44,0,0,12.908
2790650,27265,27273,42431,45,0,0,13.162
2790650,27290,27307,42434,46,0,0,13.389
2790650,27318,27325,42436,47,0,0,13.525
2790650,27341,27345,41472,48,0,0,13.711
2790650,27361,27364,41474,49,0,0,14.001
2790650,27396,27399,41759,50,0,0,14.276
2790650,27411,27419,41761,51,0,0,14.442
2790650,27437,27447,41763,52,0,0,14.677
2790650,27457,27457,41765,53,0,0,14.828
2790650,27477,27500,41767,54,0,0,14.988
2790650,27525,27532,41777,55,0,0,15.315
2792724,25202,25223,41307,19,0,0,4.081
2792724,25261,25277,41631,20,0,0,4.388
2792724,25303,25312,41633,21,0,0,4.748
2792724,25324,25332,41684,22,0,0,4.923
2792724,25353,25371,41686,23,0,0,5.191
2792724,25383,25397,41671,24,0,0,5.404
2792724,25424,25438,41673,25,0,0,5.736
2792724,25460,25475,41675,26,0,0,6.002
2792724,25490,25504,41677,27,0,0,6.174
2792724,25571,25584,46649,28,0,0,6.559
2792724,25610,25618,43389,29,0,0,6.814
2792724,25680,25698,41451,30,0,0,6.985
2792724,25716,25740,41449,31,0,0,7.193
2792724,25773,25794,41447,32,0,0,7.546
2792724,25825,25828,46505,33,0,0,8.019
2792724,25895,25909,41607,34,0,0,8.345
2792724,25947,25965,45026,35,0,0,8.726
2792724,25979,25997,46534,36,0,0,8.892
2792724,26015,26033,41604,37,0,0,9.103
2792724,26066,26066,43984,38,0,0,9.418
2792724,26091,26091,41295,39,0,0,9.565
2792724,26300,26314,41771,40,0,0,10.414
2792724,26329,26332,43404,41,0,0,10.603
2792724,26347,26376,41769,42,0,0,10.847
2792724,26390,26393,41511,43,0,0,11.032
2792724,26441,26455,43296,44,0,0,11.387
2792724,26485,26497,46470,45,0,0,11.648
2792724,26559,26559,44161,46,0,0,12.167
2792724,26591,26591,43385,47,0,0,12.407
2792724,26617,26617,43386,48,0,0,12.601
2792724,26696,26723,46531,49,0,0,12.793
2792724,26747,26759,43979,50,0,0,13.026
2792724,26776,26789,43387,51,0,0,13.243
2792724,26914,26918,46422,52,0,0,13.552
2792724,26965,26987,42832,53,0,0,14.249
2792724,27029,27033,41958,54,0,0,14.532
2792724,27056,27059,41937,55,0,0,14.828
2792724,27160,27163,43147,56,0,0,15.177
2792724,27178,27256,43148,57,0,0,15.375
2792448,34762,34768,41842,1,0,0,0.288
2792448,34787,34809,41865,2,0,0,0.564
2792448,34826,34844,41887,3,0,0,0.746
2792448,34878,34898,41796,4,0,0,1.108
2792448,34913,34928,41798,5,0,0,1.29
2792448,34947,35014,41800,6,0,0,1.51
2792448,35041,35061,41802,7,0,0,1.845
2792448,35076,35100,41804,8,0,0,2.034
2792448,35132,35152,41807,9,0,0,2.272
2792448,35181,35206,41809,10,0,0,2.615
2792448,35215,35219,41811,11,0,0,2.755
2792448,35247,35285,41813,12,0,0,3.158
2792448,35306,35309,41817,13,0,0,3.454
2792448,35324,35327,41820,14,0,0,3.705
2792448,35335,35339,41822,15,0,0,3.844
2792448,35401,35406,41824,16,0,0,4.205
2792448,35420,35423,41826,17,0,0,4.394
2792448,35529,35532,41828,18,0,0,5.075
2792448,35578,35578,41831,19,0,0,5.255
2792448,35612,35637,41839,20,0,0,5.512
2792448,35677,35681,41834,21,0,0,5.668
2792448,35691,35696,41837,22,0,0,5.829
2792448,35734,35773,41833,23,0,0,6.216
2792448,35786,35786,41841,24,0,0,6.388
2792448,35820,35820,41844,25,0,0,6.595
2792448,35858,35865,41846,26,0,0,6.912
2792448,35945,35964,41848,27,0,0,7.318
2792448,35980,35983,41849,28,0,0,7.52
2790096,31251,31251,41899,1,0,0,1.876
2790096,31367,31367,41897,2,0,0,2.765
2790096,31540,31540,41895,3,0,0,4.184
2790096,31774,31854,41431,4,0,0,5.223
2790096,31855,31859,41283,5,0,0,5.562
2790096,31868,31921,46591,6,0,0,5.684
2790096,31927,31927,41297,7,0,0,5.969
2790096,31983,32060,41299,8,0,0,6.131
2790096,32061,32061,41301,9,0,0,6.391
2790096,32106,32106,41303,10,0,0,6.7
2790096,32131,32131,41285,11,0,0,6.87
2790096,32217,32270,41291,12,0,0,7.018
2790096,32271,32274,41287,13,0,0,7.22
2790096,32287,32287,46603,14,0,0,7.379
2790096,32329,32329,41289,15,0,0,7.593
2790096,32377,32377,41292,16,0,0,7.837
2790096,32453,32453,46419,17,0,0,8.224
2790096,32500,32500,46520,18,0,0,8.577
2790096,32535,32535,46429,19,0,0,8.753
2790096,32562,32562,43925,20,0,0,8.889
2790096,32605,32605,43927,21,0,0,9.108
2790096,32630,32630,43928,22,0,0,9.236
2790096,32662,32662,43296,23,0,0,9.399
2790838,25223,25231,42923,28,0,0,7.333
2790838,25241,25250,42925,29,0,0,7.476
2790838,25261,25276,42927,30,0,0,7.614
2790838,25289,25312,42929,31,0,0,7.769
2790838,25333,25355,42932,32,0,0,8.01
2790838,25363,25382,42934,33,0,0,8.119
2790838,25401,25409,42936,34,0,0,8.355
2790838,25414,25422,46605,35,0,0,8.45
2790838,25439,25454,42938,36,0,0,8.67
2790838,25469,25483,42941,37,0,0,8.868
2790838,25495,25498,42943,38,0,0,9.053
2790838,25511,25520,42945,39,0,0,9.23
2790838,25545,25563,42947,40,0,0,9.552
2790838,25583,25602,45036,41,0,0,9.814
2790838,25612,25627,42950,42,0,0,9.954
2790838,25640,25644,42951,43,0,0,10.156
2790838,25663,25690,42954,44,0,0,10.414
2790838,25703,25727,42956,45,0,0,10.569
2790838,25740,25762,43075,46,0,0,10.752
2790838,25781,25821,43073,47,0,0,11.0
2790838,25834,25837,43071,48,0,0,11.186
2790838,25846,25867,43069,49,0,0,11.329
2790838,25905,25944,41483,50,0,0,11.661
2790838,26723,26888,44913,51,0,0,20.16
2790838,27097,27160,41941,52,0,0,21.797
2790838,27245,27249,41958,53,0,0,22.197
2790838,27271,27274,41937,54,0,0,22.492
2793724,26087,26091,41197,1,0,0,0.298
2793724,26110,26119,43260,2,0,0,0.541
2793724,26128,26145,41190,3,0,0,0.662
2793724,26162,26166,46280,4,0,0,0.805
2793724,26175,26184,41784,5,0,0,0.943
2793724,26200,26209,41785,6,0,0,1.141
2793724,26230,26239,41787,7,0,0,1.39
2793724,26255,26263,46281,8,0,0,1.569
2793724,26281,26290,46282,9,0,0,1.799
2793724,26496,26500,46283,10,0,0,3.209
2793724,26521,26526,46284,11,0,0,3.502
2793724,26535,26538,46285,12,0,0,3.662
2793724,26557,26559,46286,13,0,0,4.008
2793724,26570,26579,46287,14,0,0,4.184
2793724,26595,26608,46288,15,0,0,4.396
2793724,26639,26644,46289,16,0,0,4.759
2793724,26671,26682,46640,17,0,0,5.051
2793724,26688,26703,42920,18,0,0,5.144
2793724,26717,26726,42940,19,0,0,5.339
2793724,26767,26777,42964,20,0,0,5.659
2793724,26791,26806,42987,21,0,0,5.817
2793724,26838,26845,42885,22,0,0,6.009
2793724,26870,26880,42908,23,0,0,6.27
2793724,26898,26914,42914,24,0,0,6.488
2793724,26939,26960,42916,25,0,0,6.8
2793724,26977,26992,42918,26,0,0,7.011
2793724,27002,27010,42921,27,0,0,7.133
2793724,27027,27043,42923,28,0,0,7.333
2793724,27054,27064,42925,29,0,0,7.476
2793724,27075,27085,42927,30,0,0,7.614
2793724,27097,27120,42929,31,0,0,7.769
2793724,27142,27155,42932,32,0,0,8.01
2793724,27163,27168,42934,33,0,0,8.119
2793724,27192,27201,42936,34,0,0,8.355
2793724,27208,27222,46605,35,0,0,8.45
2793724,27238,27253,42938,36,0,0,8.67
2793724,27268,27271,42941,37,0,0,8.868
2793724,27284,27287,42943,38,0,0,9.053
2793724,27299,27309,42945,39,0,0,9.23
2793724,27336,27360,42947,40,0,0,9.552
2793724,27385,27404,45036,41,0,0,9.814
2793724,27417,27426,42950,42,0,0,9.954
2793724,27441,27444,42951,43,0,0,10.156
2793724,27464,27488,42954,44,0,0,10.414
2793724,27508,27532,42956,45,0,0,10.569
2793724,27546,27553,43075,46,0,0,10.752
2793724,27574,27602,43073,47,0,0,11.0
2793724,27616,27637,43071,48,0,0,11.186
2793724,27649,27690,43069,49,0,0,11.329
2793724,27732,27759,41483,50,0,0,11.661
2793724,28563,28767,44913,51,0,0,20.16
2793724,28864,28884,41941,52,0,0,21.797
2793724,29018,29033,41958,53,0,0,22.197
2793724,29054,29057,41937,54,0,0,22.492
