trip_id,arrival_time,departure_time,stop_id,stop_sequence,pickup_type,drop_off_type,shape_dist_traveled
2790525,64218,64231,45053,1,0,0,0.139
2790525,64232,64246,45052,2,0,0,0.267
2790525,64254,64257,45051,3,0,0,0.383
2790525,64262,64265,45050,4,0,0,0.496
2790525,64277,64280,41537,5,0,0,0.695
2790525,64291,64301,41539,6,0,0,0.874
2790525,64313,64313,46418,7,0,0,1.042
2790425,67740,67764,41899,1,0,0,1.846
2790425,67904,67945,41897,2,0,0,2.735
2790425,68155,68177,41895,3,0,0,4.154
2790425,68262,68284,41431,4,0,0,5.193
2790706,58617,58655,41899,1,0,0,1.846
2790706,58777,58791,41897,2,0,0,2.735
2790706,58897,58917,41895,3,0,0,4.154
2790706,58994,59013,41431,4,0,0,5.193
2790706,59113,59142,41263,5,0,0,5.676
2790706,59180,59200,41461,6,0,0,5.99
2790706,59240,59245,41463,7,0,0,6.26
2790706,59270,59286,41410,8,0,0,6.405
2790706,59308,59333,41412,9,0,0,6.623
2790706,59366,59423,41414,10,0,0,6.95
2790706,59452,59475,41416,11,0,0,7.264
2790706,59499,59504,41417,12,0,0,7.523
2790706,59521,59526,41421,13,0,0,7.719
2790706,59561,59588,41424,14,0,0,8.072
2790706,59683,59701,41426,15,0,0,8.377
2790706,59783,59786,41428,16,0,0,8.609
2790706,59805,59823,41430,17,0,0,8.912
2790706,59836,59849,41433,18,0,0,9.093
2790706,59920,59943,41435,19,0,0,9.32
2790706,59959,59964,41437,20,0,0,9.507
2790706,59990,60003,41439,21,0,0,9.885
2790706,60015,60018,41441,22,0,0,10.071
2790706,60058,60061,43266,23,0,0,10.788
2790706,60075,60078,41444,24,0,0,11.036
2790706,60095,60098,46424,25,0,0,11.271
2790706,60109,60112,46307,26,0,0,11.479
2790706,60132,60145,41446,27,0,0,11.786
2790706,60165,60184,41448,28,0,0,12.04
2790706,60279,60303,41450,29,0,0,12.436
2790706,60316,60333,43390,30,0,0,12.592
2790706,60350,60362,41452,31,0,0,12.809
2790706,60456,60459,46308,32,0,0,13.588
2790706,60481,60484,41454,33,0,0,13.886
2790706,60498,60510,46620,34,0,0,14.134
2790706,60529,60533,41456,35,0,0,14.276
2790706,60550,60553,41458,36,0,0,14.54
2790706,60645,60649,46317,37,0,0,15.014
2790706,60668,60671,46277,38,0,0,15.363
2790706,60682,60685,46278,39,0,0,15.558
2790706,60728,60733,46319,40,0,0,15.998
2790706,60746,60758,42999,41,0,0,16.169
2790706,60778,60789,43002,42,0,0,16.351
2790706,60816,60829,43004,43,0,0,16.66
2790706,60909,60931,43008,44,0,0,16.973
2790706,60950,60969,42886,45,0,0,17.228
2790706,60981,60993,42888,46,0,0,17.38
2790706,61012,61025,41548,47,0,0,17.582
2790706,61033,61036,41550,48,0,0,17.699
2790706,61046,61055,41552,49,0,0,17.842
2790706,61070,61080,41554,50,0,0,18.03
2790706,61097,61114,41544,51,0,0,18.249
2793966,65157,65163,41545,1,0,0,0.159
2793966,65180,65190,41543,2,0,0,0.365
2793966,65205,65222,41553,3,0,0,0.553
2793966,65235,65240,41551,4,0,0,0.715
2793966,65252,65261,41549,5,0,0,0.858
2793966,65272,65299,41547,6,0,0,0.998
2793966,65319,65323,43009,7,0,0,1.191
2793966,65341,65398,43007,8,0,0,1.414
2793966,65431,65442,43003,9,0,0,1.754
2793966,65466,65477,43001,10,0,0,2.035
2793966,65503,65519,43000,11,0,0,2.245
2793966,65527,65532,42996,12,0,0,2.347
2793966,65578,65594,46318,13,0,0,2.471
2793966,65614,65617,46275,14,0,0,2.707
2793966,65645,65659,46276,15,0,0,3.084
2793966,65690,65718,46316,16,0,0,3.478
2793966,65749,65752,41459,17,0,0,3.857
2793966,65775,65791,41457,18,0,0,4.174
2793966,65858,65861,46619,19,0,0,4.381
2793966,65883,65901,41455,20,0,0,4.644
2793966,65922,65941,46309,21,0,0,4.913
2793966,66003,66007,41453,22,0,0,5.604
2793966,66034,66055,43389,23,0,0,5.934
2793966,66094,66122,41451,24,0,0,6.105
2793966,66140,66156,41449,25,0,0,6.313
2793966,66187,66190,41447,26,0,0,6.666
2793966,66230,66251,46505,27,0,0,7.139
2793966,66272,66277,41445,28,0,0,7.358
2793966,66284,66287,46592,29,0,0,7.475
2793966,66300,66303,41443,30,0,0,7.666
2793966,66437,66482,41440,31,0,0,8.455
2793966,66519,66534,41438,32,0,0,8.936
2793966,66548,66581,41436,33,0,0,9.116
2793966,66654,66657,41434,34,0,0,9.312
2793966,66672,66689,41432,35,0,0,9.541
2793966,66706,66711,41429,36,0,0,9.74
2793966,66720,66728,41427,37,0,0,9.856
2793966,66758,66773,41423,38,0,0,10.114
2793966,66793,66880,41425,39,0,0,10.31
2793966,66911,66921,41422,40,0,0,10.687
2793966,66935,66954,41420,41,0,0,10.862
2793966,66978,67005,41418,42,0,0,11.135
2793966,67031,67083,41415,43,0,0,11.368
2793966,67123,67141,41413,44,0,0,11.779
2793966,67153,67175,41411,45,0,0,11.918
2793966,67227,67247,41409,46,0,0,12.281
2793966,67267,67284,41462,47,0,0,12.564
2793966,67303,67323,41460,48,0,0,12.803
2793966,67362,67395,41442,49,0,0,12.977
2793966,67479,67482,41419,50,0,0,13.353
2793966,67550,67566,41894,51,0,0,14.125
2793966,67718,67742,41896,52,0,0,15.493
2791206,63099,63114,41842,1,0,0,0.269
2791206,63139,63161,41865,2,0,0,0.545
2791206,63177,63202,41887,3,0,0,0.727
2791206,63253,63272,41796,4,0,0,1.089
2791206,63286,63307,41798,5,0,0,1.271
2791206,63326,63379,41800,6,0,0,1.491
2791206,63405,63425,41802,7,0,0,1.826
2791206,63458,63475,41804,8,0,0,2.015
2791206,63494,63515,41807,9,0,0,2.253
2791206,63541,63544,41809,10,0,0,2.596
2791206,63553,63573,41811,11,0,0,2.736
2791206,63599,63690,41813,12,0,0,3.139
2791206,63711,63731,41817,13,0,0,3.435
2791206,63749,63767,41820,14,0,0,3.686
2791206,63779,63798,41822,15,0,0,3.825
2791206,63882,63886,41824,16,0,0,4.186
2791206,63896,63898,41826,17,0,0,4.375
2791206,63971,63991,41828,18,0,0,5.056
2791206,64005,64026,41831,19,0,0,5.236
2791206,64054,64074,41839,20,0,0,5.493
2791206,64091,64111,41834,21,0,0,5.649
2791206,64122,64125,41837,22,0,0,5.81
2791206,64346,64366,41833,23,0,0,6.197
2791206,64377,64377,41841,24,0,0,6.368
2791206,64416,64416,41844,25,0,0,6.576
2791206,64475,64475,41846,26,0,0,6.893
2791206,64513,64518,41848,27,0,0,7.299
2791206,64529,64541,41849,28,0,0,7.501
2791206,64584,64604,41852,29,0,0,7.85
2791206,64622,64624,41854,30,0,0,8.107
2791206,64647,64651,41856,31,0,0,8.444
2791206,64666,64698,41858,32,0,0,8.66
2791206,64716,64718,41860,33,0,0,8.908
2791206,64745,64748,41862,34,0,0,9.267
2791206,64797,64803,41864,35,0,0,9.545
2791206,64816,64838,41867,36,0,0,9.715
2791206,64880,64892,41869,37,0,0,9.914
2791206,64913,64916,41871,38,0,0,10.222
2791206,64928,64931,41873,39,0,0,10.426
2791206,64938,64983,41875,40,0,0,10.535
2791206,65000,65012,41878,41,0,0,10.762
2791206,65027,65048,41880,42,0,0,10.944
2791206,65080,65100,41882,43,0,0,11.408
2791206,65116,65128,41884,44,0,0,11.594
2791206,65141,65144,46438,45,0,0,11.811
2791206,65153,65155,41886,46,0,0,11.991
2791206,65161,65164,41889,47,0,0,12.129
2791206,65172,65175,41070,48,0,0,12.306
2794261,58093,58096,41241,1,0,0,0.573
2794261,58112,58115,46417,2,0,0,0.796
2794261,58127,58136,42795,3,0,0,0.945
2794261,58149,58152,42585,4,0,0,1.129
2794261,58174,58178,42606,5,0,0,1.356
2794261,58194,58210,42620,6,0,0,1.568
2794261,58222,58226,42622,7,0,0,1.728
2794261,58240,58247,42624,8,0,0,1.91
2794261,58255,58268,42587,9,0,0,2.028
2794261,58284,58287,42589,10,0,0,2.247
2794261,58319,58322,42591,11,0,0,2.661
2794261,58346,58355,42593,12,0,0,2.958
2794261,58365,58377,42595,13,0,0,3.102
2794261,58396,58412,42598,14,0,0,3.296
2794261,58434,58452,42600,15,0,0,3.555
2794261,58465,58482,42602,16,0,0,3.703
2794261,58498,58507,42603,17,0,0,3.89
2794261,58520,58534,42605,18,0,0,4.053
2794261,58544,58548,42608,19,0,0,4.181
2794261,58561,58570,42610,20,0,0,4.34
2794261,58597,58605,42612,21,0,0,4.622
2794261,58618,58621,42614,22,0,0,4.785
2794261,58651,58661,42616,23,0,0,5.116
2794261,58690,58708,42063,24,0,0,5.35
2794261,58729,58750,42061,25,0,0,5.577
2794261,58762,58782,42059,26,0,0,5.727
2794261,58813,58904,46349,27,0,0,6.021
2794261,58911,58927,42057,28,0,0,6.128
2794261,58946,58951,42054,29,0,0,6.314
2794261,58973,58979,46354,30,0,0,6.506
2794261,59008,59026,42052,31,0,0,6.638
2794261,59046,59056,42039,32,0,0,6.829
2794261,59099,59125,42017,33,0,0,7.06
2794261,59166,59177,41997,34,0,0,7.196
2794261,59201,59205,42130,35,0,0,7.441
2794261,59219,59227,42108,36,0,0,7.606
2794261,59257,59263,46324,37,0,0,7.812
2794261,59295,59305,41724,38,0,0,8.104
2794261,59351,59371,41737,39,0,0,8.493
2794261,59403,59425,41735,40,0,0,8.809
2794261,59439,59455,41733,41,0,0,8.959
2794261,59471,59480,41731,42,0,0,9.146
2794261,59503,59526,41722,43,0,0,9.383
2794261,59554,59561,41986,44,0,0,9.623
2794261,59655,59672,41056,45,0,0,9.714
2794261,59694,59704,41059,46,0,0,9.933
2794261,59721,59730,41061,47,0,0,10.137
2794261,59764,59779,41063,48,0,0,10.476
2794261,59819,59825,42497,49,0,0,10.766
2794261,59837,59848,42499,50,0,0,10.903
2794261,59869,59888,42501,51,0,0,11.123
2794261,59919,59941,42504,52,0,0,11.428
2794261,59964,60287,42506,53,0,0,11.678
2791007,57601,57606,46010,30,0,0,6.831
2791007,57620,57633,43053,31,0,0,7.014
2791007,57645,57715,43051,32,0,0,7.18
2791007,57736,57744,43047,33,0,0,7.44
2791007,57757,57764,43045,34,0,0,7.615
2791007,57777,57781,43042,35,0,0,7.811
2791007,57802,57805,43040,36,0,0,8.007
2791007,57832,57835,43038,37,0,0,8.301
2791007,57881,57896,43033,38,0,0,9.005
2791007,57964,57967,45008,39,0,0,9.265
2791007,57984,58001,43034,40,0,0,9.506
2791007,58019,58027,43030,41,0,0,9.73
2791007,58051,58058,43027,42,0,0,10.047
2791007,58082,58095,43025,43,0,0,10.407
2791007,58124,58128,43023,44,0,0,10.654
2791007,58138,58157,43019,45,0,0,10.783
2794170,60220,60228,41033,1,0,0,0.284
2794170,60237,60242,42572,2,0,0,0.406
2794170,60263,60268,46623,3,0,0,0.643
2794170,60286,60291,46507,4,0,0,0.85
2794170,60314,60314,42570,5,0,0,1.074
2794170,60336,60336,46398,6,0,0,1.257
2794170,60359,60359,43163,7,0,0,1.447
2794170,60382,60387,43171,8,0,0,1.624
2794170,60429,60435,43169,9,0,0,2.086
2794170,60443,60446,43167,10,0,0,2.197
2794170,60461,60466,43165,11,0,0,2.392
2794170,60497,60503,41117,12,0,0,2.731
2794170,60512,60517,41115,13,0,0,2.879
2794170,60540,60550,41113,14,0,0,3.14
2794170,60565,60575,41209,15,0,0,3.313
2794170,60599,60603,41082,16,0,0,3.577
2794170,60673,60690,41883,17,0,0,3.952
2794170,60726,60743,41881,18,0,0,4.342
2794170,60758,60762,41879,19,0,0,4.53
2794170,60793,60855,41877,20,0,0,4.735
2794170,60868,60875,41874,21,0,0,4.894
2794170,60889,60915,41872,22,0,0,5.085
2794170,60937,60940,41870,23,0,0,5.365
2794170,60949,60958,41868,24,0,0,5.472
2794170,60998,61032,41866,25,0,0,5.744
2794170,61055,61081,41863,26,0,0,6.007
2794170,61114,61117,41861,27,0,0,6.422
2794170,61132,61165,41859,28,0,0,6.624
2794170,61195,61203,41857,29,0,0,6.881
2794170,61227,61246,41855,30,0,0,7.177
2794170,61300,61326,41853,31,0,0,7.475
2794170,61353,61355,41851,32,0,0,7.818
2794170,61380,61484,41850,33,0,0,8.079
2794170,61520,61525,41847,34,0,0,8.5
2794170,61575,61583,41845,35,0,0,8.66
2794170,61640,61681,41843,36,0,0,8.94
2794170,61833,61884,41835,37,0,0,9.15
2794170,61916,61922,41838,38,0,0,9.5
2794170,61940,61992,41836,39,0,0,9.692
2794170,62007,62030,41840,40,0,0,9.846
2794170,62079,62083,41832,41,0,0,10.141
2794170,62092,62123,41830,42,0,0,10.257
2794170,62182,62186,41827,43,0,0,10.9
2794170,62210,62291,41825,44,0,0,11.144
2794170,62311,62332,41823,45,0,0,11.4
2794170,62349,62352,41821,46,0,0,11.617
2794170,62370,62387,41819,47,0,0,11.842
2794170,62407,62498,41815,48,0,0,12.076
2794170,62518,62521,41816,49,0,0,12.326
2794170,62541,62544,41812,50,0,0,12.561
2794170,62563,62585,41810,51,0,0,12.789
2794170,62619,62626,41808,52,0,0,13.089
2794170,62638,62751,41806,53,0,0,13.24
2794170,62776,62799,41803,54,0,0,13.52
2794170,62821,62965,41801,55,0,0,13.745
2794170,62985,63005,41799,56,0,0,13.988
2794170,63032,63040,41797,57,0,0,14.26
2794170,63073,63098,41795,58,0,0,14.498
2794170,63121,63139,41876,59,0,0,14.781
2794170,63158,63176,46423,60,0,0,15.009
2792217,66028,66031,41342,1,0,0,0.403
2792217,66042,66045,41360,2,0,0,0.579
2792217,66107,66123,41380,3,0,0,0.863
2792217,66403,66434,46035,4,0,0,1.301
2792217,66458,66467,46036,5,0,0,1.624
2792217,66488,66497,46037,6,0,0,1.848
2792217,66514,66529,46038,7,0,0,2.025
2792217,66542,66565,46039,8,0,0,2.197
2792217,66591,66614,46040,9,0,0,2.43
2792217,66644,66662,46041,10,0,0,2.703
2792217,66681,66690,46321,11,0,0,2.954
2792217,66709,66724,46042,12,0,0,3.115
2792217,66775,66785,46043,13,0,0,3.598
2792217,66815,66823,46044,14,0,0,3.943
2792217,66850,66865,46045,15,0,0,4.171
2792217,66884,66892,46046,16,0,0,4.409
2792217,66921,66945,46047,17,0,0,4.732
2792217,66963,66973,46048,18,0,0,4.948
2792217,66990,66994,46049,19,0,0,5.16
2792217,67002,67042,46050,20,0,0,5.265
2792217,67058,67082,46051,21,0,0,5.437
2792217,67102,67106,46052,22,0,0,5.668
2792217,67119,67127,46053,23,0,0,5.834
2792217,67144,67159,46054,24,0,0,6.048
2792217,67182,67190,46055,25,0,0,6.355
2792217,67208,67216,46056,26,0,0,6.593
2792217,67238,67278,46057,27,0,0,6.865
2792217,67305,67308,41004,28,0,0,7.117
2792217,67329,67343,43188,29,0,0,7.287
2792217,67376,67390,43190,30,0,0,7.655
2792217,67410,67413,41152,31,0,0,7.913
2792217,67422,67425,41150,32,0,0,8.04
2792217,67436,67449,41148,33,0,0,8.188
2792217,67459,67462,43155,34,0,0,8.334
2792217,67482,67486,41042,35,0,0,8.519
2792217,67504,67513,41040,36,0,0,8.78
2792217,67524,67529,41043,37,0,0,8.95
2792217,67646,67665,41331,38,0,0,9.306
2792217,67685,67688,42750,39,0,0,9.504
2792217,67705,67713,42758,40,0,0,9.768
2792217,67730,67738,42756,41,0,0,10.031
2792217,67762,67777,42754,42,0,0,10.261
2792217,67791,67794,46626,43,0,0,10.45
2792217,67805,67813,46608,44,0,0,10.62
2792217,67822,67831,46609,45,0,0,10.748
2792217,67852,67868,46610,46,0,0,11.016
2792217,67905,67908,41222,47,0,0,11.314
2792088,64084,64091,41931,1,0,0,0.814
2792088,64148,64154,41964,2,0,0,1.129
2792088,64176,64189,41966,3,0,0,1.363
2792088,64214,64230,41941,4,0,0,1.659
2792088,64345,64370,41958,5,0,0,2.058
2792088,64434,64456,41937,6,0,0,2.354
2792088,64516,64519,43147,7,0,0,2.703
2792088,64534,64549,43148,8,0,0,2.901
2792088,64574,64584,46509,9,0,0,3.205
2792088,64650,64744,48039,10,0,0,3.395
2792088,64832,64850,41028,11,0,0,3.95
2792088,64880,64883,43149,12,0,0,4.206
2792088,65026,65046,41915,13,0,0,4.732
2792088,65064,65086,41916,14,0,0,4.951
2792088,65108,65122,41919,15,0,0,5.232
2792088,65128,65132,41921,16,0,0,5.332
2792088,65156,65160,42844,17,0,0,5.623
2792088,65195,65202,42847,18,0,0,6.067
2792088,65220,65223,42850,19,0,0,6.312
2792088,65236,65239,42852,20,0,0,6.499
2792088,65324,65379,41814,21,0,0,7.222
2792088,65392,65396,41817,22,0,0,7.375
2792088,65414,65417,41820,23,0,0,7.626
2792088,65426,65429,41822,24,0,0,7.764
2792088,65461,65464,41824,25,0,0,8.126
2792088,65479,65482,41826,26,0,0,8.315
2792088,65549,65570,41828,27,0,0,8.996
2792088,65590,65612,41831,28,0,0,9.176
2792088,65633,65641,41130,29,0,0,9.329
2792088,65648,65662,41133,30,0,0,9.424
2792088,65671,65687,41134,31,0,0,9.544
2792088,65703,65707,42155,32,0,0,9.736
2792088,65715,65735,42156,33,0,0,9.844
2792088,65757,65778,42158,34,0,0,10.103
2792088,65805,65826,42160,35,0,0,10.365
2792088,65874,65894,42718,36,0,0,10.666
2792088,65927,65983,42715,37,0,0,11.013
2792088,65999,66057,42717,38,0,0,11.184
2792088,66071,66074,45014,39,0,0,11.366
2792088,66086,66107,42712,40,0,0,11.516
2792088,66120,66136,42713,41,0,0,11.678
2792088,66152,66169,42709,42,0,0,11.892
2792088,66190,66195,42710,43,0,0,12.206
2792088,66220,66242,41099,44,0,0,12.44
2792088,66255,66263,41098,45,0,0,12.614
2792088,66289,66322,41092,46,0,0,12.916
2792088,66343,66365,41097,47,0,0,13.163
2792088,66391,66407,41096,48,0,0,13.417
2792088,66434,66460,41094,49,0,0,13.688
2792088,66486,66509,41848,50,0,0,13.823
2792088,66529,66531,41849,51,0,0,14.025
2792088,66561,66587,41852,52,0,0,14.374
2792088,66610,66614,41854,53,0,0,14.631
2792088,66643,66662,41856,54,0,0,14.968
2792088,66681,66701,41858,55,0,0,15.184
2792088,66722,66744,41860,56,0,0,15.432
2792088,66772,66792,41862,57,0,0,15.791
2792088,66812,66826,41864,58,0,0,16.069
2792088,66837,66842,41867,59,0,0,16.239
2792088,66866,66869,41869,60,0,0,16.438
2792088,66890,66893,41871,61,0,0,16.746
2792088,66905,66908,41873,62,0,0,16.95
2792088,66914,66963,41875,63,0,0,17.059
2792088,66980,66983,41878,64,0,0,17.286
2792088,66996,67018,41880,65,0,0,17.468
2792088,67050,67053,41882,66,0,0,17.932
2792088,67065,67083,41884,67,0,0,18.118
2792088,67098,67101,46438,68,0,0,18.335
2792088,67110,67112,41886,69,0,0,18.515
2792088,67118,67121,41889,70,0,0,18.653
2792088,67129,67132,41070,71,0,0,18.83
2794087,64793,64806,46648,1,0,0,0.152
2794087,64840,64856,41312,2,0,0,0.346
2794087,64882,64886,43127,3,0,0,0.596
2794087,64902,64912,43150,4,0,0,0.787
2794087,64940,64957,43157,5,0,0,1.054
2794087,64975,64983,43159,6,0,0,1.234
2794087,64992,64996,43108,7,0,0,1.363
2794087,65014,65025,43110,8,0,0,1.555
2794087,65041,65046,43112,9,0,0,1.743
2794087,65068,65075,43114,10,0,0,1.971
2794087,65101,65124,43116,11,0,0,2.243
2794087,65153,65158,43118,12,0,0,2.468
2794087,65168,65186,43120,13,0,0,2.589
2794087,65262,65269,43122,14,0,0,2.848
2794087,65426,65434,43124,15,0,0,3.079
2794087,65447,65454,43126,16,0,0,3.243
2794087,65466,65474,43129,17,0,0,3.397
2794087,65480,65489,43131,18,0,0,3.487
2794087,65511,65526,43133,19,0,0,3.747
2794087,65547,65552,43135,20,0,0,3.889
2794087,65567,65569,43137,21,0,0,4.094
2794087,65598,65602,43140,22,0,0,4.359
2794087,65630,65632,43142,23,0,0,4.735
2794087,65720,65735,43144,24,0,0,5.446
2794087,65857,65881,43147,25,0,0,5.767
2794087,65895,65910,43148,26,0,0,5.965
2791567,57601,57624,41358,70,0,0,17.804
2791567,57649,57697,41356,71,0,0,18.1
2791567,57709,57725,41354,72,0,0,18.247
2791567,57735,57750,41352,73,0,0,18.374
2791567,57770,57786,41349,74,0,0,18.617
2791567,57828,57832,41347,75,0,0,18.869
2791567,57847,57863,41345,76,0,0,19.079
2791567,57877,57899,41343,77,0,0,19.254
2791567,57964,57983,41340,78,0,0,19.444
2791567,58001,58017,41337,79,0,0,19.668
2791567,58029,58045,41335,80,0,0,19.839
2791567,58064,58066,41333,81,0,0,20.104
2791567,58081,58100,41328,82,0,0,20.286
2791567,58121,58124,41326,83,0,0,20.584
2791567,58136,58140,41324,84,0,0,20.784
2791567,58157,58181,41322,85,0,0,20.978
2791567,58229,58342,41391,86,0,0,21.372
2791567,58358,58375,41370,87,0,0,21.576
2791567,58388,58406,41351,88,0,0,21.728
2791567,58448,58477,43510,89,0,0,22.053
2791567,58500,58531,43506,90,0,0,22.224
2791567,58630,58649,43343,91,0,0,22.633
2791567,58664,58681,43146,92,0,0,22.845
2791567,58748,58773,41957,93,0,0,23.182
2791567,58840,58860,41952,94,0,0,23.475
2791567,58936,58957,42833,95,0,0,23.705
2791567,59067,59085,42831,96,0,0,24.561
2791567,59107,59163,42829,97,0,0,24.825
2791567,59203,59218,41509,98,0,0,25.078
2791567,59234,59253,45063,99,0,0,25.307
2791567,59275,59277,41504,100,0,0,25.617
2791567,59298,59312,41506,101,0,0,25.739
2791567,59338,59355,43296,102,0,0,25.917
2792342,61057,61085,41028,1,0,0,0.414
2792342,61114,61126,43249,2,0,0,0.564
2792342,61157,61160,43374,3,0,0,0.766
2792342,61183,61186,43439,4,0,0,1.057
2792342,61195,61203,45028,5,0,0,1.208
2792342,61240,61343,45030,6,0,0,1.341
2792342,61345,61399,42836,7,0,0,1.669
2792342,61484,61501,41738,8,0,0,2.177
2792342,61521,61524,41742,9,0,0,2.451
2792342,61554,61576,41744,10,0,0,2.822
2792342,61601,61633,41746,11,0,0,3.117
2792342,61661,61664,46099,12,0,0,3.497
2792342,61802,61818,46100,13,0,0,4.362
2792342,61838,61879,46101,14,0,0,4.602
2792342,61905,61921,46102,15,0,0,4.92
2792342,61941,61944,46103,16,0,0,5.206
2792342,61957,61960,46104,17,0,0,5.41
2792342,61978,61981,46105,18,0,0,5.689
2792342,62006,62023,46388,19,0,0,5.876
2792342,62040,62043,46426,20,0,0,6.097
2792342,62099,62102,46511,21,0,0,6.561
2792342,62117,62161,46635,22,0,0,6.961
2792342,62235,62238,46344,23,0,0,7.36
2792342,62262,62267,46023,24,0,0,7.585
2792342,62292,62310,42730,25,0,0,7.89
2792342,62321,62330,43419,26,0,0,8.04
2792342,62342,62356,42726,27,0,0,8.197
2792342,62375,62387,41076,28,0,0,8.393
2792342,62411,62422,42557,29,0,0,8.653
2792342,62444,62454,42556,30,0,0,8.888
2792342,62469,62480,45017,31,0,0,9.067
2792342,62498,62518,42554,32,0,0,9.273
2792342,62536,62563,42552,33,0,0,9.479
2792342,62577,62588,43180,34,0,0,9.628
2792342,62711,62717,41860,35,0,0,10.13
2792342,62746,62774,41862,36,0,0,10.489
2792342,62798,62824,41864,37,0,0,10.767
2792342,62880,62908,41867,38,0,0,10.937
2792342,62939,62942,41869,39,0,0,11.136
2792342,62964,62981,41871,40,0,0,11.444
2792342,62996,62999,41873,41,0,0,11.648
2792342,63006,63028,41875,42,0,0,11.757
2792342,63046,63049,41878,43,0,0,11.984
2792342,63066,63091,41880,44,0,0,12.166
2792342,63124,63127,41882,45,0,0,12.63
2792342,63144,63154,41884,46,0,0,12.816
2792342,63170,63174,46438,47,0,0,13.033
2792342,63184,63187,41886,48,0,0,13.213
2792342,63194,63197,41889,49,0,0,13.351
2790616,57624,57638,46384,3,0,0,3.626
2790616,57766,57782,43302,4,0,0,4.462
2790616,58004,58049,42584,5,0,0,5.2
2790616,58094,58125,46629,6,0,0,5.679
2790616,58252,58333,41393,7,0,0,7.171
2790616,58379,58382,42101,8,0,0,7.464
2790616,58401,58411,42103,9,0,0,7.683
2790616,58427,58442,42105,10,0,0,7.879
2790616,58465,58485,42107,11,0,0,8.132
2790616,58513,58523,42110,12,0,0,8.452
2790616,58544,58552,42112,13,0,0,8.715
2790616,58593,58596,42114,14,0,0,8.916
2790616,58611,58614,42116,15,0,0,9.163
2790616,58642,58645,42118,16,0,0,9.631
2790616,58677,58680,42121,17,0,0,9.983
2790616,58697,58714,42123,18,0,0,10.193
2790616,58741,58744,42125,19,0,0,10.535
2790616,58766,58769,42127,20,0,0,10.859
2790616,58782,58785,42129,21,0,0,11.067
2790616,58819,58822,42132,22,0,0,11.564
2790616,58890,58908,42134,23,0,0,12.294
2790616,58962,58969,42136,24,0,0,12.82
2790616,59028,59042,42138,25,0,0,13.077
2790616,59072,59082,42140,26,0,0,13.412
2790616,59099,59102,41988,27,0,0,13.625
2790616,59124,59134,41990,28,0,0,13.913
2790616,59147,59166,41992,29,0,0,14.09
2790616,59193,59196,41994,30,0,0,14.446
2790616,59220,59235,41996,31,0,0,14.834
2790616,59252,59271,41999,32,0,0,15.051
2790616,59280,59284,42001,33,0,0,15.201
2790616,59298,59317,42003,34,0,0,15.43
2790616,59347,59366,42005,35,0,0,15.872
2790616,59379,59398,42008,36,0,0,16.049
2790616,59414,59435,42010,37,0,0,16.271
2790616,59461,59477,42409,38,0,0,16.552
2790616,59488,59503,42414,39,0,0,16.706
2790616,59572,59581,42416,40,0,0,16.935
2790616,59592,59605,42418,41,0,0,17.088
2790616,59623,59645,42420,42,0,0,17.318
2790616,59662,59672,42411,43,0,0,17.546
2790616,59683,59692,42412,44,0,0,17.71
2790616,59702,59710,42178,45,0,0,17.861
2790616,59718,59727,42179,46,0,0,17.98
2790616,59737,59751,42180,47,0,0,18.133
2790616,59785,59785,42184,48,0,0,18.461
2790616,59796,59806,42447,49,0,0,18.606
2790616,59820,59839,42455,50,0,0,18.779
2790616,59865,59887,42457,51,0,0,19.058
2790616,59895,59898,42459,52,0,0,19.17
2790616,59915,59926,42461,53,0,0,19.441
2790616,59946,59959,42014,54,0,0,19.722
2790616,59983,59992,42016,55,0,0,20.045
2790616,60001,60004,42019,56,0,0,20.193
2790616,60019,60021,42021,57,0,0,20.457
2790616,60032,60035,42023,58,0,0,20.689
2790616,60043,60046,42025,59,0,0,20.867
2790616,60055,60058,42027,60,0,0,21.062
2790616,60066,60069,42030,61,0,0,21.23
2790616,60090,60094,42032,62,0,0,21.468
2790616,60107,60121,42034,63,0,0,21.696
2790616,60137,60140,42036,64,0,0,21.964
2790616,60145,60148,42038,65,0,0,22.1
2790616,60161,60164,42041,66,0,0,22.35
2790616,60182,60184,42043,67,0,0,22.688
2790616,60201,60204,42045,68,0,0,22.996
2790616,60238,60241,42047,69,0,0,23.68
2790616,60254,60258,42049,70,0,0,23.904
2790616,60276,60281,42259,71,0,0,24.207
2790616,60298,60301,42333,72,0,0,24.529
2790616,60321,60324,42355,73,0,0,24.88
2790616,60331,60340,42377,74,0,0,25.03
2790616,60373,60381,42399,75,0,0,25.545
2790616,60402,60405,42271,76,0,0,25.84
2790616,60412,60415,42293,77,0,0,25.973
2790616,60426,60429,42316,78,0,0,26.179
2790616,60441,60444,42319,79,0,0,26.377
2790616,60457,60460,42321,80,0,0,26.604
2790616,60469,60473,42324,81,0,0,26.785
2790616,60478,60482,42326,82,0,0,26.907
2790616,60499,60503,42328,83,0,0,27.207
2790616,60514,60517,42330,84,0,0,27.415
2790616,60532,60534,42332,85,0,0,27.671
2790616,60547,60550,42335,86,0,0,27.897
2790616,60569,60579,42337,87,0,0,28.208
2790616,60611,60611,42339,88,0,0,28.475
2790616,60650,60650,42341,89,0,0,28.719
2790616,60701,60701,42343,90,0,0,29.039
2790616,60747,60747,42346,91,0,0,29.33
2790616,60772,60772,42348,92,0,0,29.489
2790616,60835,60835,42350,93,0,0,29.888
2790616,60894,60894,42352,94,0,0,30.262
2790616,60923,60923,42354,95,0,0,30.443
2790616,60950,60950,42357,96,0,0,30.611
2790616,60982,60982,42359,97,0,0,30.816
2790616,61014,61014,42361,98,0,0,31.02
2790616,61054,61054,42363,99,0,0,31.275
2790616,61078,61078,42365,100,0,0,31.426
2790616,61104,61104,42368,101,0,0,31.588
2790616,61144,61144,42370,102,0,0,31.843
2790616,61173,61173,42372,103,0,0,32.024
2790616,61203,61208,42374,104,0,0,32.137
2792387,61764,61832,41708,1,0,0,2.47
2792387,61864,61878,46616,2,0,0,2.777
2792387,62107,62121,43411,3,0,0,4.182
2792387,62335,62351,41669,4,0,0,5.549
2792387,62432,62435,41666,5,0,0,6.142
2792387,62499,62503,41667,6,0,0,6.746
2792387,62643,62670,41431,7,0,0,8.048
2792387,62738,62750,41283,8,0,0,8.387
2792387,62759,62763,46591,9,0,0,8.51
2792387,62782,62784,41297,10,0,0,8.794
2792387,62796,62877,41299,11,0,0,8.956
2792387,62898,62913,41301,12,0,0,9.217
2792387,62936,62940,41303,13,0,0,9.525
2792387,62950,62952,41285,14,0,0,9.696
2792387,62963,62971,41291,15,0,0,9.843
2792387,62986,62999,41287,16,0,0,10.046
2792387,63012,63030,46603,17,0,0,10.204
2792387,63045,63080,41289,18,0,0,10.418
2792387,63144,63188,42820,19,0,0,10.892
2792387,63202,63206,42817,20,0,0,11.088
2792387,63225,63230,42812,21,0,0,11.378
2792387,63258,63274,41428,22,0,0,11.677
2792387,63299,63316,41430,23,0,0,11.98
2792387,63390,63395,46390,24,0,0,12.405
2792387,63422,63422,42148,25,0,0,12.497
2792387,63444,63444,42146,26,0,0,12.806
2792387,63456,63456,42150,27,0,0,12.884
2792387,63495,63495,42141,28,0,0,13.141
2792387,63517,63517,42143,29,0,0,13.288
2792387,63564,63564,41617,30,0,0,13.6
2792387,63591,63613,41314,35,0,0,14.65
2792387,63633,63651,41316,36,0,0,14.84
2792387,63663,63666,41318,37,0,0,15.035
2792387,63674,63677,41320,38,0,0,15.19
2792387,63695,63699,41441,39,0,0,15.439
2792387,63739,63741,43266,40,0,0,16.156
2792387,63760,63766,41444,41,0,0,16.403
2792387,63783,63786,46424,42,0,0,16.638
2792387,63799,63802,46307,43,0,0,16.847
2792387,63837,63852,41573,44,0,0,17.257
2792387,63865,63874,41576,45,0,0,17.41
2792387,63912,63931,41577,46,0,0,17.81
2792387,63943,63951,41570,47,0,0,17.985
2792387,63962,63979,41572,48,0,0,18.142
2792387,63990,63998,41560,49,0,0,18.298
2792387,64008,64016,41562,50,0,0,18.446
2792387,64032,64049,41564,51,0,0,18.648
2792387,64069,64076,41566,52,0,0,18.922
2792387,64095,64103,41568,53,0,0,19.167
2792387,64121,64126,41747,54,0,0,19.363
2792387,64134,64141,41749,55,0,0,19.487
2792387,64168,64233,41751,56,0,0,19.818
2792387,64247,64250,41474,57,0,0,20.026
2792387,64264,64272,41476,58,0,0,20.221
2792387,64292,64295,41479,59,0,0,20.518
2792387,64377,64395,41481,60,0,0,21.318
2792387,64446,64476,46130,61,0,0,21.613
2792387,64509,64525,46131,62,0,0,22.082
2792387,64556,64559,46132,63,0,0,22.564
2792387,64572,64574,46651,64,0,0,22.829
2792387,64593,64595,46133,65,0,0,23.191
2792387,64605,64607,46134,66,0,0,23.393
2792387,64632,64635,46135,67,0,0,23.606
2792387,64654,64656,46341,68,0,0,23.929
2792387,64672,64688,46136,69,0,0,24.171
2792387,64710,64722,46137,70,0,0,24.469
2792387,64750,64754,46138,71,0,0,24.889
2792387,64775,64778,43081,72,0,0,25.191
2793476,62964,62989,41708,1,0,0,2.47
2793476,63011,63015,46616,2,0,0,2.777
2793476,63224,63284,43411,3,0,0,4.182
2793476,63512,63532,41669,4,0,0,5.549
2793476,63610,63640,41666,5,0,0,6.142
2793476,63708,63749,41667,6,0,0,6.746
2793476,63958,64009,41431,7,0,0,8.048
2793476,64035,64038,41283,8,0,0,8.387
2793476,64048,64083,46591,9,0,0,8.51
2793476,64101,64104,41297,10,0,0,8.794
2793476,64115,64119,41299,11,0,0,8.956
2793476,64187,64209,41301,12,0,0,9.217
2793476,64235,64253,41303,13,0,0,9.525
2793476,64271,64277,41285,14,0,0,9.696
2793476,64291,64313,41291,15,0,0,9.843
2793476,64345,64359,41287,16,0,0,10.046
2793476,64413,64418,46603,17,0,0,10.204
2793476,64444,64462,41289,18,0,0,10.418
2793476,64561,64564,42820,19,0,0,10.892
2793476,64578,64594,42817,20,0,0,11.088
2793476,64618,64630,42812,21,0,0,11.378
2793476,64661,64664,41428,22,0,0,11.677
2793476,64696,64701,41430,23,0,0,11.98
2793476,64825,64843,46390,24,0,0,12.405
2793476,64850,64871,42148,25,0,0,12.497
2793476,64892,64902,42146,26,0,0,12.806
2793476,64906,64916,42150,27,0,0,12.884
2793476,64935,64950,42141,28,0,0,13.141
2793476,64961,64970,42143,29,0,0,13.288
2793476,64994,65003,41617,30,0,0,13.6
2793476,65020,65030,41967,31,0,0,13.812
2793476,65043,65052,41969,32,0,0,13.973
2793476,65075,65093,41971,33,0,0,14.202
2793476,65099,65119,41973,34,0,0,14.293
2793476,65148,65156,41314,35,0,0,14.65
2793476,65172,65190,41316,36,0,0,14.84
2793476,65204,65207,41318,37,0,0,15.035
2793476,65215,65219,41320,38,0,0,15.19
2793476,65240,65244,41441,39,0,0,15.439
2793476,65295,65301,43266,40,0,0,16.156
2793476,65327,65332,41444,41,0,0,16.403
2793476,65349,65354,46424,42,0,0,16.638
2793476,65371,65379,46307,43,0,0,16.847
2793476,65522,65560,41573,44,0,0,17.257
2793476,65573,65582,41576,45,0,0,17.41
2793476,65625,65659,41577,46,0,0,17.81
2793476,65675,65693,41570,47,0,0,17.985
2793476,65708,65718,41572,48,0,0,18.142
2793476,65731,65748,41560,49,0,0,18.298
2793476,65760,65769,41562,50,0,0,18.446
2793476,65785,65795,41564,51,0,0,18.648
2793476,65819,65836,41566,52,0,0,18.922
2793476,65862,65890,41568,53,0,0,19.167
2793476,65909,65913,41747,54,0,0,19.363
2793476,65922,65945,41749,55,0,0,19.487
2793476,65973,66008,41751,56,0,0,19.818
2793476,66024,66027,41474,57,0,0,20.026
2793476,66045,66068,41476,58,0,0,20.221
2793476,66094,66122,41479,59,0,0,20.518
2793476,66193,66205,41481,60,0,0,21.318
2793476,66233,66246,46130,61,0,0,21.613
2793476,66276,66279,46131,62,0,0,22.082
2793476,66307,66310,46132,63,0,0,22.564
2793476,66324,66327,46651,64,0,0,22.829
2793476,66348,66351,46133,65,0,0,23.191
2793476,66363,66366,46134,66,0,0,23.393
2793476,66380,66395,46135,67,0,0,23.606
2793476,66421,66440,46341,68,0,0,23.929
2793476,66457,66471,46136,69,0,0,24.171
2793476,66496,66503,46137,70,0,0,24.469
2793476,66656,66662,46138,71,0,0,24.889
2793476,66689,66705,43081,72,0,0,25.191
2793295,57608,57629,42148,24,0,0,7.733
2793295,57652,57675,42146,25,0,0,8.042
2793295,57690,57700,46393,26,0,0,8.237
2793295,57729,57750,46149,27,0,0,8.48
2793295,57775,57791,46150,28,0,0,8.642
2793295,57831,57859,46151,29,0,0,8.901
2793295,57882,57901,41618,30,0,0,9.179
2793295,57932,57943,46152,31,0,0,9.521
2793295,57951,57963,46153,32,0,0,9.642
2793295,57985,58008,42802,33,0,0,9.921
2793295,58024,58035,42800,34,0,0,10.128
2793295,58061,58081,42882,35,0,0,10.505
2793295,58090,58094,42881,36,0,0,10.627
2793295,58107,58109,42863,37,0,0,10.86
2793295,58115,58118,42837,38,0,0,10.972
2793295,58133,58152,42819,39,0,0,11.19
2793295,58263,58267,41270,40,0,0,12.347
2793295,58292,58306,41269,41,0,0,12.675
2793295,58324,58340,42639,42,0,0,12.888
2793295,58349,58352,46106,43,0,0,13.034
2793295,58357,58360,43437,44,0,0,13.156
2793295,58384,58390,42662,45,0,0,13.369
2793295,58393,58417,46406,46,0,0,13.439
2793295,58428,58444,42674,47,0,0,13.586
2793295,58469,58471,42676,48,0,0,13.955
2793295,58479,58482,42678,49,0,0,14.114
2793295,58498,58517,42641,50,0,0,14.308
2793295,58530,58533,42643,51,0,0,14.495
2793295,58547,58568,45066,52,0,0,14.696
2794603,58807,58856,41842,1,0,0,0.511
2794603,58864,58864,41865,2,0,0,0.787
2794603,58902,58902,41887,3,0,0,0.969
2794603,58936,58940,41796,4,0,0,1.332
2794603,58954,58973,41798,5,0,0,1.513
2794603,59006,59032,41800,6,0,0,1.734
2794603,59045,59063,41341,7,0,0,1.861
2794603,59078,59082,41344,8,0,0,2.059
2794603,59099,59103,41346,9,0,0,2.308
2794603,59121,59142,41348,10,0,0,2.502
2794603,59153,59156,41350,11,0,0,2.659
2794603,59183,59189,41353,12,0,0,2.865
2794603,59271,59287,42521,13,0,0,3.096
2794603,59301,59304,42519,14,0,0,3.297
2794603,59314,59316,42517,15,0,0,3.476
2794603,59327,59346,42528,16,0,0,3.649
2794603,59353,59363,42526,17,0,0,3.757
2794603,59383,59392,42524,18,0,0,4.022
2794603,59396,59415,46160,19,0,0,4.101
2794603,59427,59436,46161,20,0,0,4.265
2794603,59446,59465,46162,21,0,0,4.404
2794603,59470,59491,42238,22,0,0,4.483
2794603,59508,59527,41146,23,0,0,4.634
2794603,59545,59554,41144,24,0,0,4.882
2794603,59561,59569,46163,25,0,0,4.994
2794603,59582,59600,46164,26,0,0,5.162
2794603,59611,59629,46165,27,0,0,5.321
2794603,59644,59669,43391,28,0,0,5.502
2794603,59686,59696,43203,29,0,0,5.731
2794603,59723,59744,43211,30,0,0,5.965
2794603,59762,59790,43209,31,0,0,6.199
2794603,59811,59820,43207,32,0,0,6.495
2794603,59841,59860,43205,33,0,0,6.765
2794603,59881,59899,41975,34,0,0,7.028
2794603,59925,59944,41978,35,0,0,7.296
2794603,59964,59966,41980,36,0,0,7.599
2794603,59979,60012,41982,37,0,0,7.798
2794603,60045,60048,42561,38,0,0,8.074
2794603,60073,60083,42568,39,0,0,8.374
2794603,60113,60123,42566,40,0,0,8.737
2794603,60150,60153,46636,41,0,0,9.088
2794603,60219,60223,41386,42,0,0,9.243
2794603,60233,60235,41388,43,0,0,9.41
2794603,60261,60343,41390,44,0,0,9.779
2794603,60360,60382,41393,45,0,0,9.987
2794603,60422,60425,42101,46,0,0,10.28
2794603,60459,60463,45065,47,0,0,10.574
2794603,60473,60475,41105,48,0,0,10.738
2794603,60491,60501,41107,49,0,0,10.995
2794603,60511,60514,41109,50,0,0,11.146
2794603,60558,60578,41614,51,0,0,11.472
2794603,60598,60607,41612,52,0,0,11.672
2794603,60622,60631,41609,53,0,0,11.882
2794603,60637,60642,41610,54,0,0,11.991
2794397,61576,61581,43343,1,0,0,0.592
2794397,61594,61599,43146,2,0,0,0.804
2794397,61707,61733,41957,3,0,0,1.141
2794397,61816,61834,41952,4,0,0,1.434
2794397,61930,61974,41942,5,0,0,1.823
2794397,62009,62031,41965,6,0,0,2.266
2794397,62055,62129,46268,7,0,0,2.595
2794397,62133,62137,41963,8,0,0,2.668
2794397,62144,62146,41962,9,0,0,2.793
2794397,62161,62178,41950,10,0,0,3.028
2794397,62194,62197,41943,11,0,0,3.23
2794397,62259,62259,41945,12,0,0,3.875
2794397,62282,62285,41946,13,0,0,4.13
2794397,62293,62296,41948,14,0,0,4.303
2794397,62312,62318,41951,15,0,0,4.539
2794397,62337,62340,41953,16,0,0,4.837
2794397,62433,62435,41956,17,0,0,5.324
2794397,62449,62456,46222,18,0,0,5.51
2794397,62501,62505,46223,19,0,0,5.652
2794397,62560,62579,46224,20,0,0,6.1
2794397,62592,62611,46225,21,0,0,6.258
2794397,62633,62656,46226,22,0,0,6.531
2794397,62683,62708,46227,23,0,0,6.857
2794397,62719,62739,46228,24,0,0,6.997
2794397,62763,62785,46229,25,0,0,7.279
2794397,62796,62807,42550,26,0,0,7.411
2794397,62819,62828,42531,27,0,0,7.554
2794397,62844,62863,42533,28,0,0,7.766
2794397,62879,62898,42535,29,0,0,7.963
2794397,62922,62940,42537,30,0,0,8.138
2794397,62966,62976,42539,31,0,0,8.433
2794397,62992,63003,42542,32,0,0,8.629
2794397,63021,63046,42548,33,0,0,8.849
2794397,63063,63085,42546,34,0,0,9.077
2794397,63107,63115,42541,35,0,0,9.375
2794397,63180,63200,46445,36,0,0,9.597
2794397,63229,63244,46446,37,0,0,9.931
2794397,63256,63266,46447,38,0,0,10.075
2794397,63285,63288,46448,39,0,0,10.309
2794397,63314,63329,46449,40,0,0,10.648
2794397,63343,63353,46450,41,0,0,10.836
2794397,63374,63386,46451,42,0,0,11.076
2794397,63407,63422,46452,43,0,0,11.307
2794397,63439,63462,46453,44,0,0,11.475
2794397,63484,63510,43403,45,0,0,11.749
2794397,63536,63547,41530,46,0,0,12.072
2794397,63560,63571,41532,47,0,0,12.226
2794397,63621,63624,46317,48,0,0,12.457
2794397,63645,63652,46277,49,0,0,12.805
2794397,63663,63666,41663,50,0,0,12.916
2794397,63676,63688,41665,51,0,0,13.069
2794397,63721,63724,41655,52,0,0,13.34
2794397,63732,63744,41656,53,0,0,13.448
2794397,63766,63785,41658,54,0,0,13.645
2794397,63813,63825,42574,55,0,0,13.94
2794397,63856,63869,42576,56,0,0,14.196
2794397,63898,63910,42578,57,0,0,14.561
2794397,63924,63952,42580,58,0,0,14.729
2794397,63971,63974,42886,59,0,0,14.979
2794397,63985,63997,42888,60,0,0,15.13
2794397,64016,64019,42890,61,0,0,15.407
2794397,64032,64044,42893,62,0,0,15.592
2794397,64063,64073,42897,63,0,0,15.818
2792062,60415,60421,43343,1,0,0,0.642
2792062,60438,60458,43146,2,0,0,0.853
2792062,60509,60528,41957,3,0,0,1.19
2792062,60598,60618,41952,4,0,0,1.483
2792062,60664,60667,42833,5,0,0,1.714
2792062,60902,60907,43380,6,0,0,2.55
2792062,60924,60928,43381,7,0,0,2.719
2792062,60940,60943,43980,8,0,0,2.88
2792062,60961,60976,46530,9,0,0,3.083
2792062,61006,61021,43382,10,0,0,3.285
2792062,61041,61050,43383,11,0,0,3.513
2792062,61086,61151,44070,12,0,0,3.834
2792062,61322,61344,43295,13,0,0,4.332
2792062,61399,61412,43929,14,0,0,4.695
2792062,61427,61430,43930,15,0,0,4.904
2792062,61437,61440,43931,16,0,0,5.011
2792062,61521,61526,43932,17,0,0,5.443
2792062,61654,61658,41296,18,0,0,6.276
2792062,61670,61683,46332,19,0,0,6.464
2792062,61696,61715,46411,20,0,0,6.637
2792062,61724,61727,43933,21,0,0,6.773
2792062,61739,61753,43934,22,0,0,6.955
2792062,61787,61802,46501,23,0,0,7.314
2792062,61833,61837,46502,24,0,0,7.706
2792062,61907,61907,43935,25,0,0,8.064
2792062,61947,61961,43936,26,0,0,8.573
2792062,61973,61976,43938,27,0,0,8.736
2792062,62124,62138,41946,28,0,0,9.021
2792062,62150,62153,41948,29,0,0,9.193
2792062,62201,62223,46601,30,0,0,9.426
2792062,62239,62242,42246,31,0,0,9.634
2792062,62261,62277,42252,32,0,0,9.844
2792062,62295,62300,42250,33,0,0,10.057
2792062,62318,62334,42253,34,0,0,10.277
2792062,62361,62364,42255,35,0,0,10.576
2792062,62380,62415,42257,36,0,0,10.771
2792062,62433,62450,41644,37,0,0,10.995
2792062,62487,62527,42783,38,0,0,11.281
2792062,62588,62594,42781,39,0,0,11.703
2792062,62611,62667,42780,40,0,0,11.856
2792062,62690,62703,42778,41,0,0,12.047
2792062,62745,62799,42774,42,0,0,12.464
2792062,62823,62847,42772,43,0,0,12.697
2792062,62875,62887,42770,44,0,0,12.991
2792062,62909,62912,42768,45,0,0,13.239
2792062,62929,62951,42766,46,0,0,13.43
2792062,62991,63015,42788,47,0,0,13.869
2792062,63038,63043,42786,48,0,0,14.13
2792062,63053,63064,42776,49,0,0,14.266
2792062,63083,63092,42470,50,0,0,14.509
2792062,63104,63108,42468,51,0,0,14.665
2792062,63121,63139,42466,52,0,0,14.832
2792062,63154,63161,42478,53,0,0,14.999
2792062,63186,63195,42476,54,0,0,15.245
2792062,63218,63228,42474,55,0,0,15.491
2792062,63253,63272,42472,56,0,0,15.711
2792062,63292,63312,42425,57,0,0,15.948
2792062,63330,63340,42423,58,0,0,16.13
2792062,63350,63353,42421,59,0,0,16.276
2792062,63387,63390,41757,60,0,0,16.609
2792062,63401,63420,41755,61,0,0,16.753
2792062,63478,63486,42722,62,0,0,17.047
2792062,63503,63522,42720,63,0,0,17.256
2792062,63538,63569,42716,64,0,0,17.452
2792062,63898,63914,46260,65,0,0,20.997
2792062,63948,63963,46261,66,0,0,21.411
2792062,63997,64006,42523,67,0,0,21.795
2792062,64028,64036,42525,68,0,0,22.055
2792062,64045,64053,42527,69,0,0,22.166
2792062,64066,64069,42529,70,0,0,22.337
2792062,64083,64086,42518,71,0,0,22.528
2792062,64104,64169,42520,72,0,0,22.757
2792062,64184,64188,41354,73,0,0,22.911
2792062,64197,64217,41352,74,0,0,23.038
2792062,64237,64244,41349,75,0,0,23.281
2792062,64273,64278,41347,76,0,0,23.533
2792062,64297,64301,41345,77,0,0,23.742
2792062,64314,64319,41343,78,0,0,23.918
2792062,64410,64450,41799,79,0,0,24.251
2792062,64478,64495,41797,80,0,0,24.523
2792062,64535,64540,41795,81,0,0,24.761
2792062,64581,64586,41876,82,0,0,25.044
2793248,64249,64255,43343,1,0,0,0.642
2793248,64271,64275,43146,2,0,0,0.853
2793248,64349,64362,41957,3,0,0,1.19
2793248,64387,64400,41952,4,0,0,1.483
2793248,64461,64465,42833,5,0,0,1.714
2793248,64578,64583,43380,6,0,0,2.55
2793248,64602,64616,43381,7,0,0,2.719
2793248,64628,64631,43980,8,0,0,2.88
2793248,64648,64667,46530,9,0,0,3.083
2793248,64688,64692,43382,10,0,0,3.285
2793248,64707,64716,43383,11,0,0,3.513
2793248,64753,64880,44070,12,0,0,3.834
2793248,65001,65031,43295,13,0,0,4.332
2793248,65137,65140,43929,14,0,0,4.695
2793248,65164,65169,43930,15,0,0,4.904
2793248,65176,65180,43931,16,0,0,5.011
2793248,65253,65275,43932,17,0,0,5.443
2793248,65405,65408,41296,18,0,0,6.276
2793248,65431,65457,46332,19,0,0,6.464
2793248,65470,65488,46411,20,0,0,6.637
2793248,65497,65500,43933,21,0,0,6.773
2793248,65512,65532,43934,22,0,0,6.955
2793248,65566,65571,46501,23,0,0,7.314
2793248,65600,65605,46502,24,0,0,7.706
2793248,65636,65656,43935,25,0,0,8.064
2793248,65690,65693,43936,26,0,0,8.573
2793248,65702,65705,43938,27,0,0,8.736
2793248,65726,65756,41946,28,0,0,9.021
2793248,65767,65770,41948,29,0,0,9.193
2793248,65799,65803,46601,30,0,0,9.426
2793248,65816,65819,42246,31,0,0,9.634
2793248,65830,65833,42252,32,0,0,9.844
2793248,65845,65848,42250,33,0,0,10.057
2793248,65861,65864,42253,34,0,0,10.277
2793248,65890,65903,42255,35,0,0,10.576
2793248,65917,65925,42257,36,0,0,10.771
2793248,65940,65944,41644,37,0,0,10.995
2793248,65976,65979,42783,38,0,0,11.281
2793248,66017,66020,42781,39,0,0,11.703
2793248,66032,66052,42780,40,0,0,11.856
2793248,66066,66090,42778,41,0,0,12.047
2793248,66130,66169,42774,42,0,0,12.464
2793248,66190,66199,42772,43,0,0,12.697
2793248,66223,66238,42770,44,0,0,12.991
2793248,66254,66257,42768,45,0,0,13.239
2793248,66270,66297,42766,46,0,0,13.43
2793248,66330,66339,42788,47,0,0,13.869
2793248,66359,66362,42786,48,0,0,14.13
2793248,66372,66381,42776,49,0,0,14.266
2793248,66399,66415,42470,50,0,0,14.509
2793248,66426,66430,42468,51,0,0,14.665
2793248,66442,66456,42466,52,0,0,14.832
2793248,66463,66463,42478,53,0,0,14.999
2793248,66494,66494,42476,54,0,0,15.245
2793248,66525,66525,42474,55,0,0,15.491
2793248,66534,66557,41757,60,0,0,16.609
2793248,66570,66584,41755,61,0,0,16.753
2793248,66650,66659,42722,62,0,0,17.047
2793248,66676,66706,42720,63,0,0,17.256
2793248,66721,66731,42716,64,0,0,17.452
2793248,67022,67025,46260,65,0,0,20.997
2793248,67056,67077,46261,66,0,0,21.411
2793248,67108,67124,42523,67,0,0,21.795
2793248,67145,67153,42525,68,0,0,22.055
2793248,67161,67169,42527,69,0,0,22.166
2793248,67180,67184,42529,70,0,0,22.337
2793248,67196,67196,42518,71,0,0,22.528
2793248,67214,67267,42520,72,0,0,22.757
2793248,67280,67293,41354,73,0,0,22.911
2793248,67301,67307,41352,74,0,0,23.038
2793248,67324,67327,41349,75,0,0,23.281
2793248,67341,67344,41347,76,0,0,23.533
2793248,67355,67358,41345,77,0,0,23.742
2793248,67367,67370,41343,78,0,0,23.918
2793248,67464,67480,41799,79,0,0,24.251
2793248,67506,67510,41797,80,0,0,24.523
2793248,67529,67532,41795,81,0,0,24.761
2793248,67553,67566,41876,82,0,0,25.044
2791130,64546,64569,41842,1,0,0,0.511
2791130,64570,64575,41865,2,0,0,0.787
2791130,64581,64589,41887,3,0,0,0.969
2791130,64659,64661,41796,4,0,0,1.332
2791130,64674,64696,41798,5,0,0,1.513
2791130,64720,64737,41800,6,0,0,1.734
2791130,64748,64754,41341,7,0,0,1.861
2791130,64769,64772,41344,8,0,0,2.059
2791130,64794,64799,41346,9,0,0,2.308
2791130,64819,64819,41348,10,0,0,2.502
2791130,64848,64852,41350,11,0,0,2.659
2791130,64868,64875,41353,12,0,0,2.865
2791130,64971,64975,42521,13,0,0,3.096
2791130,64987,64990,42519,14,0,0,3.297
2791130,65004,65017,42517,15,0,0,3.476
2791130,65030,65041,42528,16,0,0,3.649
2791130,65049,65059,42526,17,0,0,3.757
2791130,65079,65090,42524,18,0,0,4.022
2791130,65120,65132,42522,19,0,0,4.407
2791130,65169,65245,46262,20,0,0,4.882
2791130,65271,65293,45031,21,0,0,5.245
2791130,65533,65621,42705,22,0,0,8.856
2791130,65634,65646,42719,23,0,0,9.0
2791130,65660,65672,42721,24,0,0,9.209
2791130,65697,65714,41754,25,0,0,9.507
2791130,65725,65728,41756,26,0,0,9.668
2791130,65741,65790,41758,27,0,0,9.888
2791130,65810,65824,42422,28,0,0,10.122
2791130,65837,65840,42424,29,0,0,10.308
2791130,65853,65870,42426,30,0,0,10.495
2791130,65904,65914,42473,31,0,0,10.754
2791130,65934,65947,42475,32,0,0,11.007
2791130,65965,65975,42477,33,0,0,11.249
2791130,65988,66000,42479,34,0,0,11.414
2791130,66012,66015,42467,35,0,0,11.595
2791130,66025,66041,42469,36,0,0,11.744
2791130,66058,66068,42471,37,0,0,11.985
2791130,66077,66093,42785,38,0,0,12.116
2791130,66121,66131,42787,39,0,0,12.375
2791130,66165,66177,42789,40,0,0,12.801
2791130,66200,66203,42767,41,0,0,13.077
2791130,66215,66227,42769,42,0,0,13.259
2791130,66248,66266,42771,43,0,0,13.547
2791130,66290,66312,42773,44,0,0,13.764
2791130,66326,66428,42775,45,0,0,13.937
2791130,66447,66457,42777,46,0,0,14.195
2791130,66472,66487,42779,47,0,0,14.392
2791130,66503,66505,43162,48,0,0,14.606
2791130,66542,66545,42782,49,0,0,14.978
2791130,66558,66566,42784,50,0,0,15.167
2791130,66597,66600,42251,51,0,0,15.532
2791130,66614,66617,42254,52,0,0,15.726
2791130,66630,66636,42256,53,0,0,15.913
2791130,66662,66664,42258,54,0,0,16.196
2791130,66680,66694,42247,55,0,0,16.401
2791130,66706,66710,42248,56,0,0,16.575
2791130,66728,66741,42249,57,0,0,16.792
2791130,66767,66770,41961,58,0,0,16.95
2791130,66780,66785,41954,59,0,0,17.129
2791130,66841,66845,46602,60,0,0,17.369
2791130,66851,66854,43939,61,0,0,17.489
2791130,66869,66871,43921,62,0,0,17.759
2791130,66924,66927,43922,63,0,0,18.258
2791130,66953,66980,46504,64,0,0,18.607
2791130,67004,67012,46503,65,0,0,18.962
2791130,67041,67046,43923,66,0,0,19.334
2791130,67052,67055,43924,67,0,0,19.45
2791130,67065,67068,46412,68,0,0,19.651
2791130,67087,67102,43984,69,0,0,19.851
2791130,67113,67116,41295,70,0,0,19.999
2791130,67187,67198,43920,71,0,0,20.75
2791130,67404,67409,43925,72,0,0,21.252
2791130,67427,67431,43927,73,0,0,21.471
2791130,67439,67442,43928,74,0,0,21.599
2791130,67552,67573,43296,75,0,0,21.763
2791130,67640,67643,46470,76,0,0,22.023
2791130,67681,67681,44170,77,0,0,22.582
2791130,67718,67718,43385,78,0,0,22.782
2791130,67754,67754,43386,79,0,0,22.976
2791130,67789,67789,46531,80,0,0,23.168
2791130,67844,67868,43979,81,0,0,23.402
2791130,67889,67923,43387,82,0,0,23.619
2791130,68019,68036,46422,83,0,0,23.927
2791130,68185,68192,42832,84,0,0,24.624
2791130,68226,68232,41958,85,0,0,24.907
2791130,68287,68320,41937,86,0,0,25.203
2793283,62633,62654,41842,1,0,0,0.288
2793283,62680,62685,41865,2,0,0,0.564
2793283,62706,62719,41887,3,0,0,0.746
2793283,62782,62806,41796,4,0,0,1.108
2793283,62821,62841,41798,5,0,0,1.29
2793283,62897,62957,41800,6,0,0,1.51
2793283,62992,63009,41802,7,0,0,1.845
2793283,63025,63043,41804,8,0,0,2.034
2793283,63067,63093,41807,9,0,0,2.272
2793283,63160,63197,41809,10,0,0,2.615
2793283,63207,63210,41811,11,0,0,2.755
2793283,63236,63330,41813,12,0,0,3.158
2793283,63351,63370,41817,13,0,0,3.454
2793283,63387,63390,41820,14,0,0,3.705
2793283,63398,63411,41822,15,0,0,3.844
2793283,63437,63439,41824,16,0,0,4.205
2793283,63461,63467,41826,17,0,0,4.394
2793283,63520,63539,41828,18,0,0,5.075
2793283,63563,63580,41831,19,0,0,5.255
2793283,63611,63614,41839,20,0,0,5.512
2793283,63631,63650,41834,21,0,0,5.668
2793283,63663,63678,41837,22,0,0,5.829
2793283,63900,63919,41833,23,0,0,6.216
2793283,63932,63932,41841,24,0,0,6.388
2793283,63971,63971,41844,25,0,0,6.595
2793283,64031,64031,41846,26,0,0,6.912
2793283,64124,64144,41848,27,0,0,7.318
2793283,64159,64176,41849,28,0,0,7.52
2793283,64206,64227,41852,29,0,0,7.869
2793283,64245,64248,41854,30,0,0,8.126
2793283,64273,64278,41856,31,0,0,8.463
2793283,64293,64295,41858,32,0,0,8.679
2793283,64312,64315,41860,33,0,0,8.927
2793283,64339,64342,41862,34,0,0,9.286
2793283,64380,64386,41864,35,0,0,9.564
2793283,64465,64493,42912,36,0,0,9.85
2793283,64514,64517,42910,37,0,0,10.131
2793283,64530,64549,42907,38,0,0,10.309
2793283,64561,64565,42905,39,0,0,10.471
2793283,64575,64577,42903,40,0,0,10.648
2793283,64599,64611,42901,41,0,0,10.959
2793283,64647,64656,42895,42,0,0,11.411
2793283,64672,64694,42894,43,0,0,11.637
2793283,64715,64724,42891,44,0,0,11.866
2793283,64740,64744,42889,45,0,0,12.1
2793283,64768,64801,42887,46,0,0,12.328
2793283,64815,64821,43009,47,0,0,12.503
2793283,64861,64886,43007,48,0,0,12.726
2793283,64919,64941,43003,49,0,0,13.066
2793283,64966,64977,43001,50,0,0,13.346
2793283,64999,65007,43000,51,0,0,13.557
2793283,65013,65016,42996,52,0,0,13.658
2793283,65036,65059,42994,53,0,0,13.872
2793283,65083,65101,42992,54,0,0,14.099
2793283,65129,65136,42990,55,0,0,14.368
2793283,65159,65168,42988,56,0,0,14.665
2793283,65179,65210,42986,57,0,0,14.805
2793283,65216,65227,46433,58,0,0,14.889
2793283,65258,65281,46435,59,0,0,15.191
2793283,65303,65314,41206,60,0,0,15.471
2793283,65355,65358,42981,61,0,0,16.008
2793283,65391,65394,42979,62,0,0,16.417
2793283,65408,65418,42977,63,0,0,16.604
2793283,65434,65444,42974,64,0,0,16.84
2793283,65479,65490,42972,65,0,0,17.277
2793283,65514,65523,42970,66,0,0,17.615
2793283,65555,65577,42968,67,0,0,18.025
2793283,65594,65597,42966,68,0,0,18.27
2793283,65627,65638,42963,69,0,0,18.673
2793283,65655,65661,42961,70,0,0,18.879
2793283,65678,65694,43981,71,0,0,19.092
2793283,65711,65714,42959,72,0,0,19.344
2793283,65800,65803,42957,73,0,0,19.797
2793283,65826,65847,42955,74,0,0,20.082
2793283,65879,65886,41048,75,0,0,20.411
2793283,65905,65922,41047,76,0,0,20.652
2793601,66228,66233,41842,1,0,0,0.288
2793601,66278,66294,41865,2,0,0,0.564
2793601,66308,66326,41887,3,0,0,0.746
2793601,66380,66400,41796,4,0,0,1.108
2793601,66416,66436,41798,5,0,0,1.29
2793601,66464,66515,41800,6,0,0,1.51
2793601,66549,66560,41802,7,0,0,1.845
2793601,66581,66599,41804,8,0,0,2.034
2793601,66621,66639,41807,9,0,0,2.272
2793601,66678,66700,41809,10,0,0,2.615
2793601,66709,66713,41811,11,0,0,2.755
2793601,66745,66809,41813,12,0,0,3.158
2793601,66830,66832,41817,13,0,0,3.454
2793601,66848,66851,41820,14,0,0,3.705
2793601,66861,66880,41822,15,0,0,3.844
2793601,66911,66914,41824,16,0,0,4.205
2793601,66928,66931,41826,17,0,0,4.394
2793601,66994,66999,41828,18,0,0,5.075
2793601,67017,67045,41831,19,0,0,5.255
2793601,67078,67082,41839,20,0,0,5.512
2793601,67108,67111,41834,21,0,0,5.668
2793601,67122,67127,41837,22,0,0,5.829
2793601,67188,67215,41833,23,0,0,6.216
2793601,67238,67238,41841,24,0,0,6.388
2793601,67269,67269,41844,25,0,0,6.595
2793601,67360,67381,41846,26,0,0,6.912
2793601,67487,67509,41848,27,0,0,7.318
2793601,67528,67531,41849,28,0,0,7.52
2793601,67565,67585,41852,29,0,0,7.869
2793601,67616,67640,41854,30,0,0,8.126
2793601,67674,67693,41856,31,0,0,8.463
2793601,67710,67713,41858,32,0,0,8.679
2793601,67731,67734,41860,33,0,0,8.927
2793601,67762,67766,41862,34,0,0,9.286
2793601,67789,67794,41864,35,0,0,9.564
2793601,67869,67895,42912,36,0,0,9.85
2793601,67915,67918,42910,37,0,0,10.131
2793601,67929,67932,42907,38,0,0,10.309
2793601,67943,67946,42905,39,0,0,10.471
2793601,67958,67961,42903,40,0,0,10.648
2793601,67984,68008,42901,41,0,0,10.959
2793601,68043,68054,42895,42,0,0,11.411
2793601,68071,68082,42894,43,0,0,11.637
2793601,68101,68118,42891,44,0,0,11.866
2793601,68135,68138,42889,45,0,0,12.1
2793601,68156,68181,42887,46,0,0,12.328
2793601,68193,68197,43009,47,0,0,12.503
2793601,68214,68226,43007,48,0,0,12.726
2793601,68257,68269,43003,49,0,0,13.066
2793601,68294,68310,43001,50,0,0,13.346
2793601,68340,68351,43000,51,0,0,13.557
2793601,68358,68364,42996,52,0,0,13.658
2794024,58423,58462,41842,1,0,0,0.288
2794024,58498,58503,41865,2,0,0,0.564
2794024,58521,58540,41887,3,0,0,0.746
2794024,58611,58615,41796,4,0,0,1.108
2794024,58629,58646,41798,5,0,0,1.29
2794024,58715,58774,41800,6,0,0,1.51
2794024,58800,58831,41802,7,0,0,1.845
2794024,58844,58847,41804,8,0,0,2.034
2794024,58863,58883,41807,9,0,0,2.272
2794024,58912,58916,41809,10,0,0,2.615
2794024,58924,58927,41811,11,0,0,2.755
2794024,58955,59008,41813,12,0,0,3.158
2794024,59030,59048,41817,13,0,0,3.454
2794024,59065,59068,41820,14,0,0,3.705
2794024,59077,59080,41822,15,0,0,3.844
2794024,59198,59212,41824,16,0,0,4.205
2794024,59225,59227,41826,17,0,0,4.394
2794024,59302,59305,41828,18,0,0,5.075
2794024,59329,59349,41831,19,0,0,5.255
2794024,59373,59377,41839,20,0,0,5.512
2794024,59418,59422,41834,21,0,0,5.668
2794024,59443,59457,41837,22,0,0,5.829
2794024,59759,59773,41833,23,0,0,6.216
2794024,59787,59787,41841,24,0,0,6.388
2794024,59829,59829,41844,25,0,0,6.595
2794024,59893,59893,41846,26,0,0,6.912
2794024,59972,59993,41848,27,0,0,7.318
2794024,60011,60028,41849,28,0,0,7.52
2794024,60070,60072,41852,29,0,0,7.869
2794024,60091,60094,41854,30,0,0,8.126
2794024,60125,60141,41856,31,0,0,8.463
2794024,60157,60191,41858,32,0,0,8.679
2794024,60208,60211,41860,33,0,0,8.927
2794024,60250,60271,41862,34,0,0,9.286
2794024,60438,60526,41864,35,0,0,9.564
2794024,60649,60669,42912,36,0,0,9.85
2794024,60690,60694,42910,37,0,0,10.131
2794024,60706,60709,42907,38,0,0,10.309
2794024,60720,60723,42905,39,0,0,10.471
2794024,60734,60737,42903,40,0,0,10.648
2794024,60758,60776,42901,41,0,0,10.959
2794024,60864,60877,42895,42,0,0,11.411
2794024,60893,60902,42894,43,0,0,11.637
2794024,60919,60928,42891,44,0,0,11.866
2794024,60943,60946,42889,45,0,0,12.1
2794024,60963,60972,42887,46,0,0,12.328
2794024,60984,60996,43009,47,0,0,12.503
2794024,61013,61030,43007,48,0,0,12.726
2794024,61058,61068,43003,49,0,0,13.066
2794024,61091,61104,43001,50,0,0,13.346
2794024,61137,61152,43000,51,0,0,13.557
2794024,61160,61165,42996,52,0,0,13.658
2794024,61182,61191,42994,53,0,0,13.872
2794024,61207,61216,42992,54,0,0,14.099
2794024,61243,61252,42990,55,0,0,14.368
2794024,61275,61285,42988,56,0,0,14.665
2794024,61294,61304,42986,57,0,0,14.805
2794024,61309,61320,46433,58,0,0,14.889
2794024,61355,61373,46435,59,0,0,15.191
2794024,61392,61402,41206,60,0,0,15.471
2794024,61488,61491,42981,61,0,0,16.008
2794024,61513,61516,42979,62,0,0,16.417
2794024,61527,61540,42977,63,0,0,16.604
2794024,61556,61565,42974,64,0,0,16.84
2794024,61596,61610,42972,65,0,0,17.277
2794024,61632,61641,42970,66,0,0,17.615
2794024,61670,61679,42968,67,0,0,18.025
2794024,61695,61698,42966,68,0,0,18.27
2794024,61729,61739,42963,69,0,0,18.673
2794024,61752,61756,42961,70,0,0,18.879
2794024,61768,61771,43981,71,0,0,19.092
2794024,61822,61831,42959,72,0,0,19.344
2794024,61908,61911,42957,73,0,0,19.797
2794024,61953,61964,42955,74,0,0,20.082
2794024,61992,61996,41048,75,0,0,20.411
2794024,62015,62029,41047,76,0,0,20.652
