trip_id,arrival_time,departure_time,stop_id,stop_sequence,pickup_type,drop_off_type,shape_dist_traveled
2792420,76344,76364,41216,1,0,0,0.193
2792420,76418,76423,41694,2,0,0,0.619
2792420,76441,76448,41698,3,0,0,0.809
2792420,76468,76478,41700,4,0,0,1.112
2792420,76497,76507,41702,5,0,0,1.363
2792420,76527,76536,41704,6,0,0,1.638
2792420,76548,76550,46272,7,0,0,1.824
2792420,76567,76575,46273,8,0,0,2.127
2792420,76595,76597,41165,9,0,0,2.436
2792420,76610,76613,41162,10,0,0,2.642
2792420,76625,76633,41160,11,0,0,2.842
2792420,76661,76669,41158,12,0,0,3.17
2792420,76682,76685,43264,13,0,0,3.376
2792420,76694,76696,41156,14,0,0,3.549
2792420,76705,76713,41204,15,0,0,3.722
2792420,76729,76732,41202,16,0,0,3.968
2792420,76745,76747,41192,17,0,0,4.2
2792420,76754,76765,41167,18,0,0,4.321
2792420,76777,76782,41200,19,0,0,4.518
2792420,76840,76861,43039,20,0,0,5.289
2792420,76881,76884,43041,21,0,0,5.595
2792420,76902,76918,43044,22,0,0,5.839
2792420,76930,76940,43046,23,0,0,5.996
2792420,76952,76961,43049,24,0,0,6.159
2792420,76979,77023,43052,25,0,0,6.391
2792420,77047,77062,43054,26,0,0,6.67
2792420,77081,77083,42076,27,0,0,6.897
2792420,77098,77110,42097,28,0,0,7.094
2792420,77125,77134,42119,29,0,0,7.296
2792420,77148,77152,42006,30,0,0,7.515
2792420,77171,77182,45046,31,0,0,7.679
2792420,77199,77204,42028,32,0,0,7.826
2792420,77226,77237,42050,33,0,0,8.077
2792420,77263,77266,42053,34,0,0,8.398
2792420,77283,77286,42056,35,0,0,8.619
2792420,77296,77313,42058,36,0,0,8.767
2792420,77336,77338,41419,37,0,0,9.165
2792420,77426,77430,41894,38,0,0,9.936
2792420,77600,77615,41896,39,0,0,11.304
2793918,75381,75391,41893,1,0,0,0.54
2793918,75413,75416,41891,2,0,0,0.762
2793918,75431,75434,41890,3,0,0,0.97
2793918,75443,75445,41888,4,0,0,1.109
2793918,75458,75462,46437,5,0,0,1.303
2793918,75475,75490,41885,6,0,0,1.489
2793918,75511,75515,41883,7,0,0,1.759
2793918,75545,75556,41881,8,0,0,2.149
2793918,75569,75572,41879,9,0,0,2.337
2793918,75591,75615,41877,10,0,0,2.542
2793918,75627,75631,41874,11,0,0,2.7
2793918,75646,75650,41872,12,0,0,2.892
2793918,75673,75676,41870,13,0,0,3.171
2793918,75684,75698,41868,14,0,0,3.279
2793918,75729,75752,41866,15,0,0,3.551
2793918,75772,75774,41863,16,0,0,3.814
2793918,75808,75854,41861,17,0,0,4.229
2793918,75867,75870,41859,18,0,0,4.431
2793918,75887,75890,41857,19,0,0,4.688
2793918,75914,75929,41855,20,0,0,4.983
2793918,75951,75954,41853,21,0,0,5.282
2793918,75979,75982,41851,22,0,0,5.625
2793918,76002,76019,41850,23,0,0,5.886
2793918,76052,76056,41847,24,0,0,6.306
2793918,76067,76070,41845,25,0,0,6.467
2793918,76091,76093,41843,26,0,0,6.747
2793918,76110,76125,41835,27,0,0,6.957
2793918,76152,76156,41838,28,0,0,7.307
2793918,76169,76180,41836,29,0,0,7.499
2793918,76191,76202,41840,30,0,0,7.652
2793918,76235,76253,41832,31,0,0,7.948
2793918,76269,76273,41830,32,0,0,8.063
2793918,76317,76320,41827,33,0,0,8.707
2793918,76350,76356,41825,34,0,0,8.95
2793918,76374,76393,41823,35,0,0,9.207
2793918,76407,76410,41821,36,0,0,9.424
2793918,76423,76426,41819,37,0,0,9.649
2793918,76442,76445,41815,38,0,0,9.883
2793918,76463,76480,41816,39,0,0,10.133
2793918,76495,76498,41812,40,0,0,10.368
2793918,76511,76514,41810,41,0,0,10.596
2793918,76534,76536,41808,42,0,0,10.896
2793918,76547,76569,41806,43,0,0,11.047
2793918,76591,76624,41803,44,0,0,11.327
2793918,76642,76659,41801,45,0,0,11.552
2793918,76681,76684,41799,46,0,0,11.795
2793918,76703,76707,41797,47,0,0,12.067
2793918,76724,76728,41795,48,0,0,12.305
2793918,76751,76755,41876,49,0,0,12.588
2794480,71201,71205,46648,1,0,0,0.182
2794480,71212,71233,42509,2,0,0,0.297
2794480,71250,71253,42507,3,0,0,0.528
2794480,71269,71278,42505,4,0,0,0.727
2794480,71303,71312,42503,5,0,0,1.038
2794480,71330,71339,42500,6,0,0,1.256
2794480,71378,71384,41057,7,0,0,1.494
2794480,71398,71405,41064,8,0,0,1.667
2794480,71433,71442,41062,9,0,0,1.981
2794480,71459,71470,41060,10,0,0,2.206
2794480,71516,71523,41058,11,0,0,2.444
2794480,71531,71535,42055,12,0,0,2.559
2794480,71564,71568,41730,13,0,0,2.82
2794480,71578,71586,41732,14,0,0,2.982
2794480,71602,71624,41734,15,0,0,3.178
2794480,71639,71658,41736,16,0,0,3.348
2794480,71685,71694,41723,17,0,0,3.646
2794480,71739,71747,41725,18,0,0,4.051
2794480,71781,71788,41727,19,0,0,4.413
2794480,71803,71810,42119,20,0,0,4.567
2794480,71828,71832,42006,21,0,0,4.787
2794480,71845,71855,45046,22,0,0,4.95
2794480,71878,71883,42028,23,0,0,5.097
2794480,71904,71919,42050,24,0,0,5.349
2794480,71946,71963,42053,25,0,0,5.669
2794480,72012,72015,42056,26,0,0,5.89
2794480,72026,72032,42058,27,0,0,6.038
2794480,72076,72092,46347,28,0,0,6.223
2794480,72109,72118,42060,29,0,0,6.43
2794480,72129,72144,42062,30,0,0,6.582
2794480,72167,72172,42065,31,0,0,6.844
2794480,72195,72203,42618,32,0,0,7.054
2794480,72229,72233,42615,33,0,0,7.36
2794480,72249,72267,42613,34,0,0,7.553
2794480,72292,72301,42611,35,0,0,7.826
2794480,72314,72319,42609,36,0,0,7.99
2794480,72330,72339,42607,37,0,0,8.125
2794480,72352,72359,42604,38,0,0,8.287
2794480,72373,72381,42558,39,0,0,8.477
2794480,72391,72394,42601,40,0,0,8.623
2794480,72415,72423,42599,41,0,0,8.884
2794480,72438,72456,42597,42,0,0,9.052
2794480,72471,72477,42594,43,0,0,9.221
2794480,72501,72505,42592,44,0,0,9.52
2794480,72535,72540,42590,45,0,0,9.917
2794480,72557,72564,42588,46,0,0,10.119
2794480,72576,72583,42586,47,0,0,10.268
2794480,72594,72597,42623,48,0,0,10.434
2794480,72609,72617,42621,49,0,0,10.614
2794480,72633,72637,42617,50,0,0,10.843
2794480,72670,72685,42619,51,0,0,11.221
2794480,72699,72703,46418,52,0,0,11.388
2793639,70058,70080,43429,1,0,0,0.168
2793639,70102,70112,43021,2,0,0,0.373
2793639,70128,70131,43024,3,0,0,0.566
2793639,70144,70147,43026,4,0,0,0.768
2793639,70175,70184,43029,5,0,0,1.129
2793639,70203,70222,43031,6,0,0,1.39
2793639,70250,70280,43032,7,0,0,1.665
2793639,70297,70300,45045,8,0,0,1.918
2793639,70315,70333,43036,9,0,0,2.118
2793639,70404,70407,43039,10,0,0,2.866
2793639,70450,70455,43041,11,0,0,3.172
2793639,70473,70476,43044,12,0,0,3.416
2793639,70490,70497,43046,13,0,0,3.573
2793639,70512,70528,43049,14,0,0,3.736
2793639,70552,70557,43052,15,0,0,3.968
2793639,70578,70581,43054,16,0,0,4.247
2793639,70587,70590,46007,17,0,0,4.351
2793639,70604,70618,46008,18,0,0,4.525
2793639,70647,70663,43057,19,0,0,4.843
2793639,70682,70685,43059,20,0,0,5.088
2793639,70704,70720,43061,21,0,0,5.33
2793639,70740,70750,43063,22,0,0,5.553
2793639,71555,71561,41409,23,0,0,5.881
2793639,71586,71597,41462,24,0,0,6.163
2793639,71617,71654,41262,25,0,0,6.373
2793639,71664,71668,41259,26,0,0,6.493
2793639,71683,71688,41258,27,0,0,6.684
2793639,71696,71705,41256,28,0,0,6.779
2793639,71745,71778,41254,29,0,0,7.059
2793639,71795,71807,41252,30,0,0,7.241
2793639,71822,71846,41250,31,0,0,7.41
2793639,71861,71865,43416,32,0,0,7.585
2793639,71875,71939,41248,33,0,0,7.715
2793639,71963,71986,41246,34,0,0,7.982
2793639,72000,72005,41244,35,0,0,8.144
2793639,72014,72026,41242,36,0,0,8.271
2793639,72042,72056,41239,37,0,0,8.436
2793639,72067,72079,41237,38,0,0,8.569
2793639,72102,72112,41235,39,0,0,8.804
2793639,72135,72211,41233,40,0,0,9.038
2793639,72286,72286,41231,41,0,0,9.459
2793639,72311,72335,41228,42,0,0,9.749
2793639,72380,72401,41226,43,0,0,10.048
2793639,72424,72428,41224,44,0,0,10.304
2793639,72448,72452,41222,45,0,0,10.561
2794248,71149,71156,41842,1,0,0,0.306
2794248,71185,71189,41865,2,0,0,0.582
2794248,71208,71226,41887,3,0,0,0.764
2794248,71268,71274,41796,4,0,0,1.126
2794248,71328,71351,41798,5,0,0,1.308
2794248,71377,71405,41800,6,0,0,1.528
2794248,71448,71468,41802,7,0,0,1.863
2794248,71487,71512,41804,8,0,0,2.052
2794248,71559,71564,41807,9,0,0,2.29
2794248,71622,71639,41809,10,0,0,2.633
2794248,71650,71654,41811,11,0,0,2.773
2794248,71689,71769,41813,12,0,0,3.176
2794248,71795,71814,41817,13,0,0,3.472
2794248,71835,71845,41820,14,0,0,3.723
2794248,71857,71862,41822,15,0,0,3.862
2794248,71935,71939,41824,16,0,0,4.223
2794248,71953,71956,41826,17,0,0,4.412
2794248,72012,72030,41828,18,0,0,5.093
2794248,72045,72062,41831,19,0,0,5.273
2794248,72078,72086,41130,20,0,0,5.426
2794248,72092,72100,41133,21,0,0,5.521
2794248,72109,72118,41134,22,0,0,5.641
2794248,72131,72135,42155,23,0,0,5.833
2794248,72142,72149,42156,24,0,0,5.941
2794248,72166,72173,42158,25,0,0,6.2
2794248,72195,72203,42160,26,0,0,6.462
2794248,72291,72306,42718,27,0,0,6.763
2794248,72331,72340,42715,28,0,0,7.11
2794248,72353,72410,42717,29,0,0,7.281
2794248,72422,72425,45014,30,0,0,7.463
2794248,72437,72458,42712,31,0,0,7.613
2794248,72494,72498,42713,32,0,0,7.776
2794248,72514,72534,42709,33,0,0,7.989
2794248,72561,72569,41902,34,0,0,8.252
2794248,72603,72622,41911,35,0,0,8.594
2794248,72644,72652,41909,36,0,0,8.875
2794248,72668,72677,41907,37,0,0,9.083
2794248,72684,72691,43983,38,0,0,9.198
2794248,72702,72711,41016,39,0,0,9.349
2794248,72726,72734,41017,40,0,0,9.535
2794248,72758,72776,43986,41,0,0,9.811
2794248,72805,72813,43987,42,0,0,10.081
2794248,72825,72835,43988,43,0,0,10.241
2794248,72841,72850,42693,44,0,0,10.337
2794248,72869,72888,42701,45,0,0,10.6
2794248,72924,72942,42699,46,0,0,10.99
2794248,72954,72962,42697,47,0,0,11.157
2794248,72969,72980,42695,48,0,0,11.269
2794248,72995,73013,41072,49,0,0,11.488
2794248,73102,73106,41071,50,0,0,11.765
2794248,73113,73126,46305,51,0,0,11.88
2794248,73155,73165,46396,52,0,0,12.262
2794248,73175,73183,46303,53,0,0,12.414
2794248,73195,73204,42727,54,0,0,12.572
2794248,73227,73230,42729,55,0,0,12.907
2793925,76146,76165,41267,1,0,0,0.511
2793925,76178,76195,41221,2,0,0,0.632
2793925,76213,76254,41223,3,0,0,0.818
2793925,76295,76300,46611,4,0,0,1.177
2793925,76307,76326,46612,5,0,0,1.278
2793925,76341,76356,46627,6,0,0,1.447
2793925,76376,76403,42753,7,0,0,1.673
2793925,76414,76422,42755,8,0,0,1.811
2793925,76445,76453,42757,9,0,0,2.083
2793925,76472,76475,42759,10,0,0,2.364
2793925,76483,76487,42751,11,0,0,2.483
2793925,76517,76541,41333,12,0,0,2.686
2793925,76543,76546,41328,13,0,0,2.867
2793925,76570,76577,41039,14,0,0,3.095
2793925,76603,76621,41041,15,0,0,3.428
2793925,76657,76661,41147,16,0,0,3.756
2793925,76674,76688,41149,17,0,0,3.942
2793925,76708,76713,41153,18,0,0,4.194
2793925,76738,76745,43185,19,0,0,4.315
2793925,76788,76795,43187,20,0,0,4.625
2793925,76813,76817,41794,21,0,0,4.807
2793925,76842,76918,41154,22,0,0,5.036
2793925,76925,76939,43228,23,0,0,5.118
2793925,76957,76964,43227,24,0,0,5.331
2793925,76984,77001,43226,25,0,0,5.564
2793925,77026,77033,43232,26,0,0,5.872
2793925,77051,77058,43231,27,0,0,6.088
2793925,77070,77073,43230,28,0,0,6.25
2793925,77093,77101,43229,29,0,0,6.473
2793925,77114,77123,43246,30,0,0,6.63
2793925,77134,77137,42245,31,0,0,6.797
2793925,77150,77159,42244,32,0,0,6.964
2793925,77173,77179,46058,33,0,0,7.148
2793925,77211,77225,46059,34,0,0,7.51
2793925,77249,77258,46060,35,0,0,7.803
2793925,77277,77284,43160,36,0,0,7.997
2793925,77322,77327,43161,37,0,0,8.369
2793925,77360,77364,46440,38,0,0,8.681
2793925,77376,77387,42846,39,0,0,8.853
2793925,77395,77398,46062,40,0,0,9.001
2793925,77417,77431,46063,41,0,0,9.267
2793925,77456,77465,46064,42,0,0,9.502
2793925,77483,77491,46065,43,0,0,9.727
2793925,77505,77512,46320,44,0,0,9.911
2793925,77527,77534,46066,45,0,0,10.081
2793925,77558,77569,46067,46,0,0,10.306
2793925,77621,77651,46068,47,0,0,10.727
2793925,77680,77738,41391,48,0,0,11.094
2793925,77753,77756,41370,49,0,0,11.297
2793562,69697,69711,46648,1,0,0,0.152
2793562,69749,69754,41312,2,0,0,0.346
2793562,69779,69797,43127,3,0,0,0.596
2793562,69817,69832,43150,4,0,0,0.787
2793562,69858,69877,43157,5,0,0,1.054
2793562,69891,69901,43159,6,0,0,1.234
2793562,69909,69912,43108,7,0,0,1.363
2793562,69930,69959,43110,8,0,0,1.555
2793562,69972,69976,43112,9,0,0,1.743
2793562,69995,70004,43114,10,0,0,1.971
2793562,70024,70037,43116,11,0,0,2.243
2793562,70064,70067,43118,12,0,0,2.468
2793562,70074,70083,43120,13,0,0,2.589
2793562,70106,70177,43122,14,0,0,2.848
2793562,70195,70204,43124,15,0,0,3.079
2793562,70217,70227,43126,16,0,0,3.243
2793562,70239,70249,43129,17,0,0,3.397
2793562,70255,70270,43131,18,0,0,3.487
2793562,70288,70302,43133,19,0,0,3.747
2793562,70313,70317,43135,20,0,0,3.889
2793562,70335,70337,43137,21,0,0,4.094
2793562,70363,70366,43140,22,0,0,4.359
2793562,70392,70398,43142,23,0,0,4.735
2793562,70448,70453,43144,24,0,0,5.446
2793562,70480,70485,43147,25,0,0,5.767
2793562,70499,70512,43148,26,0,0,5.965
2793050,68419,68430,42140,69,0,0,18.812
2793050,68444,68448,41988,70,0,0,19.025
2793050,68470,68487,41990,71,0,0,19.313
2793050,68500,68503,41992,72,0,0,19.49
2793050,68530,68534,41994,73,0,0,19.846
2793050,68564,68578,41996,74,0,0,20.234
2793050,68595,68610,41999,75,0,0,20.451
2793050,68620,68624,42001,76,0,0,20.601
2793050,68640,68660,42003,77,0,0,20.831
2793050,68694,68705,42005,78,0,0,21.273
2793050,68719,68739,42008,79,0,0,21.449
2793050,68755,68801,42010,80,0,0,21.671
2793050,68811,68811,42409,81,0,0,21.953
2793050,68829,68829,42414,82,0,0,22.106
2793050,68936,68951,42416,83,0,0,22.335
2793050,68965,68989,42418,84,0,0,22.488
2793050,69011,69034,42420,85,0,0,22.718
2793050,69053,69066,42411,86,0,0,22.946
2793050,69077,69090,42412,87,0,0,23.111
2793050,69102,69120,42178,88,0,0,23.262
2793050,69129,69140,42179,89,0,0,23.381
2793050,69151,69170,42180,90,0,0,23.533
2793050,69203,69214,42184,91,0,0,23.861
2793050,69235,69246,42451,92,0,0,24.136
2793050,69264,69264,45060,93,0,0,24.347
2793050,69298,69298,42452,94,0,0,24.551
2793050,69344,69344,42454,95,0,0,24.824
2793050,69359,69363,42447,96,0,0,24.976
2793050,69376,69376,42455,97,0,0,25.15
2793050,69459,69459,42457,98,0,0,25.428
2794302,68403,68406,41386,47,0,0,11.827
2794302,68415,68433,41388,48,0,0,11.994
2794302,68476,68495,41390,49,0,0,12.363
2794302,68510,68513,41393,50,0,0,12.571
2794302,68562,68566,42101,51,0,0,12.864
2794302,68582,68599,42103,52,0,0,13.084
2794302,68612,68615,42105,53,0,0,13.279
2794302,68630,68633,42107,54,0,0,13.532
2794302,68657,68666,42110,55,0,0,13.852
2794302,68687,68698,42112,56,0,0,14.115
2794302,68714,68717,42114,57,0,0,14.316
2794302,68730,68732,42116,58,0,0,14.563
2794302,68766,68784,42118,59,0,0,15.031
2794302,68813,68816,42121,60,0,0,15.383
2794302,68828,68847,42123,61,0,0,15.593
2794302,68867,68870,42125,62,0,0,15.935
2794302,68887,68889,42127,63,0,0,16.259
2794302,68898,68901,42129,64,0,0,16.467
2794302,68928,68931,42132,65,0,0,16.965
2794302,68985,68993,42134,66,0,0,17.694
2794302,69027,69030,42136,67,0,0,18.22
2794302,69049,69066,42138,68,0,0,18.477
2794302,69092,69109,42140,69,0,0,18.812
2794302,69122,69125,41988,70,0,0,19.025
2794302,69145,69154,41990,71,0,0,19.313
2794302,69165,69167,41992,72,0,0,19.49
2794302,69189,69191,41994,73,0,0,19.846
2794302,69220,69241,41996,74,0,0,20.234
2794302,69256,69258,41999,75,0,0,20.451
2794302,69267,69269,42001,76,0,0,20.601
2794302,69284,69292,42003,77,0,0,20.831
2794302,69325,69342,42005,78,0,0,21.273
2794302,69354,69376,42008,79,0,0,21.449
2794302,69391,69422,42010,80,0,0,21.671
2794302,69425,69425,42409,81,0,0,21.953
2794302,69443,69443,42414,82,0,0,22.106
2794302,69526,69533,42416,83,0,0,22.335
2794302,69544,69553,42418,84,0,0,22.488
2794302,69573,69583,42420,85,0,0,22.718
2794302,69602,69611,42411,86,0,0,22.946
2794302,69623,69633,42412,87,0,0,23.111
2794302,69644,69653,42178,88,0,0,23.262
2794302,69663,69671,42179,89,0,0,23.381
2794302,69683,69699,42180,90,0,0,23.533
2794302,69736,69748,42184,91,0,0,23.861
2794302,69769,69777,42451,92,0,0,24.136
2794302,69795,69795,45060,93,0,0,24.347
2794302,69829,69829,42452,94,0,0,24.551
2794302,69875,69875,42454,95,0,0,24.824
2794302,69879,69881,42447,96,0,0,24.976
2794302,69893,69902,42455,97,0,0,25.15
2794302,69935,69957,42457,98,0,0,25.428
2794214,76966,76977,41842,1,0,0,0.306
2794214,76996,76999,41865,2,0,0,0.582
2794214,77010,77014,41887,3,0,0,0.764
2794214,77066,77068,41796,4,0,0,1.126
2794214,77080,77082,41798,5,0,0,1.308
2794214,77099,77135,41800,6,0,0,1.528
2794214,77162,77165,41802,7,0,0,1.863
2794214,77177,77180,41804,8,0,0,2.052
2794214,77200,77203,41807,9,0,0,2.29
2794214,77244,77251,41809,10,0,0,2.633
2794214,77259,77263,41811,11,0,0,2.773
2794214,77290,77294,41813,12,0,0,3.176
2794214,77317,77319,41817,13,0,0,3.472
2794214,77339,77343,41820,14,0,0,3.723
2794214,77353,77360,41822,15,0,0,3.862
2794214,77443,77446,41824,16,0,0,4.223
2794214,77460,77462,41826,17,0,0,4.412
2794214,77600,77604,42705,18,0,0,6.18
2794214,77615,77626,42719,19,0,0,6.324
2794214,77642,77651,42721,20,0,0,6.533
2794214,77678,77703,42718,21,0,0,6.863
2794214,77729,77748,42715,22,0,0,7.21
2794214,77763,77777,42717,23,0,0,7.381
2794214,77790,77807,45014,24,0,0,7.563
2794214,77818,77827,42712,25,0,0,7.713
2794214,77838,77842,42713,26,0,0,7.876
2794214,77857,77875,42709,27,0,0,8.089
2794214,77896,77909,42710,28,0,0,8.404
2794214,77910,77917,43995,29,0,0,8.537
2794214,77925,77944,42707,30,0,0,8.662
2794214,77963,77966,46415,31,0,0,8.953
2794214,77989,78009,43996,32,0,0,9.278
2794214,78027,78029,46391,33,0,0,9.546
2794214,78041,78049,43997,34,0,0,9.728
2793563,71277,71301,46018,1,0,0,0.493
2793563,71332,71335,46625,2,0,0,0.777
2793563,71427,71430,46109,3,0,0,1.478
2793563,71455,71458,46019,4,0,0,1.859
2793563,71480,71483,46020,5,0,0,2.195
2793563,71503,71521,46021,6,0,0,2.43
2793563,71531,71581,42515,7,0,0,2.571
2793563,71590,71610,42480,8,0,0,2.692
2793563,71629,71648,42511,9,0,0,2.946
2793563,71656,71695,42513,10,0,0,3.063
2793563,71717,71730,42516,11,0,0,3.322
2793563,71769,71780,41416,12,0,0,3.61
2793563,71799,71833,41417,13,0,0,3.868
2793563,71848,71851,41421,14,0,0,4.065
2793563,71874,71905,41424,15,0,0,4.417
2793563,71953,71972,42811,16,0,0,4.899
2793563,71992,72002,42810,17,0,0,5.129
2793563,72032,72044,45035,18,0,0,5.321
2793563,72053,72071,42809,19,0,0,5.434
2793563,72079,72088,42807,20,0,0,5.545
2793563,72096,72105,42806,21,0,0,5.653
2793563,72118,72134,42821,22,0,0,5.827
2793563,72153,72156,42802,23,0,0,6.103
2793563,72171,72182,42800,24,0,0,6.31
2793563,72208,72210,42882,25,0,0,6.687
2793563,72217,72221,42881,26,0,0,6.809
2793563,72235,72238,42863,27,0,0,7.042
2793563,72245,72257,42837,28,0,0,7.155
2793563,72418,72433,42819,29,0,0,7.372
2793563,72533,72538,41270,30,0,0,8.529
2793563,72565,72577,41269,31,0,0,8.857
2793563,72593,72595,42639,32,0,0,9.07
2793563,72606,72609,46106,33,0,0,9.216
2793563,72616,72620,43437,34,0,0,9.338
2793563,72634,72639,42662,35,0,0,9.552
2793563,72640,72643,46406,36,0,0,9.621
2793563,72653,72656,42674,37,0,0,9.768
2793563,72682,72685,42676,38,0,0,10.137
2793563,72694,72697,42678,39,0,0,10.296
2793563,72712,72725,42641,40,0,0,10.49
2793563,72738,72740,42643,41,0,0,10.678
2793563,72761,72783,42645,42,0,0,10.919
2793563,72820,72830,42648,43,0,0,11.172
2793563,72851,72859,42651,44,0,0,11.43
2793563,72877,72889,45033,45,0,0,11.653
2793563,72900,72902,42656,46,0,0,11.811
2793563,72914,72922,42654,47,0,0,12.027
2793563,72946,72949,42658,48,0,0,12.402
2793563,72961,72964,42659,49,0,0,12.647
2793563,72976,72979,42661,50,0,0,12.912
2793563,72991,72993,42664,51,0,0,13.168
2793563,73020,73023,42667,52,0,0,13.704
2793563,73042,73045,42669,53,0,0,14.087
2793563,73072,73081,42671,54,0,0,14.208
2793563,73096,73099,42761,55,0,0,14.438
2793563,73111,73113,42763,56,0,0,14.654
2793563,73125,73130,42765,57,0,0,14.878
2793563,73145,73148,43077,58,0,0,15.099
2793563,73157,73160,43093,59,0,0,15.26
2793563,73183,73210,43095,60,0,0,15.543
2793563,73226,73251,43097,61,0,0,15.784
2793563,73263,73266,43079,62,0,0,15.961
2793563,73285,73287,43081,63,0,0,16.293
2793862,68468,68487,42811,16,0,0,4.899
2793862,68506,68517,42810,17,0,0,5.129
2793862,68532,68551,45035,18,0,0,5.321
2793862,68559,68568,42809,19,0,0,5.434
2793862,68576,68585,42807,20,0,0,5.545
2793862,68593,68612,42806,21,0,0,5.653
2793862,68626,68645,42821,22,0,0,5.827
2793862,68666,68684,42802,23,0,0,6.103
2793862,68701,68724,42800,24,0,0,6.31
2793862,68753,68771,42882,25,0,0,6.687
2793862,68778,68781,42881,26,0,0,6.809
2793862,68795,68797,42863,27,0,0,7.042
2793862,68802,68806,42837,28,0,0,7.155
2793862,68821,68837,42819,29,0,0,7.372
2793862,68952,68956,41270,30,0,0,8.529
2793862,68981,68991,41269,31,0,0,8.857
2793862,69007,69009,42639,32,0,0,9.07
2793862,69018,69021,46106,33,0,0,9.216
2793862,69029,69033,43437,34,0,0,9.338
2793862,69050,69067,42662,35,0,0,9.552
2793862,69070,69074,46406,36,0,0,9.621
2793862,69082,69085,42674,37,0,0,9.768
2793862,69110,69113,42676,38,0,0,10.137
2793862,69123,69127,42678,39,0,0,10.296
2793862,69143,69162,42641,40,0,0,10.49
2793862,69182,69197,42643,41,0,0,10.678
2793862,69217,69235,42645,42,0,0,10.919
2793862,69265,69268,42648,43,0,0,11.172
2793862,69289,69298,42651,44,0,0,11.43
2793862,69315,69318,45033,45,0,0,11.653
2793862,69329,69332,42656,46,0,0,11.811
2793862,69348,69367,42654,47,0,0,12.027
2793862,69393,69395,42658,48,0,0,12.402
2793862,69405,69408,42659,49,0,0,12.647
2793862,69420,69422,42661,50,0,0,12.912
2793862,69433,69435,42664,51,0,0,13.168
2793862,69462,69465,42667,52,0,0,13.704
2793862,69485,69490,42669,53,0,0,14.087
2793862,69514,69523,42671,54,0,0,14.208
2793862,69539,69542,42761,55,0,0,14.438
2793862,69555,69557,42763,56,0,0,14.654
2793862,69573,69607,42765,57,0,0,14.878
2793862,69623,69626,43077,58,0,0,15.099
2793862,69640,69659,43093,59,0,0,15.26
2793862,69680,69681,43095,60,0,0,15.543
2793862,69714,69721,43097,61,0,0,15.784
2793862,69733,69749,43079,62,0,0,15.961
2793862,69771,69773,43081,63,0,0,16.293
2794045,76224,76233,41931,1,0,0,0.792
2794045,76256,76259,41964,2,0,0,1.108
2794045,76277,76292,41966,3,0,0,1.341
2794045,76316,76341,41941,4,0,0,1.637
2794045,76433,76477,41958,5,0,0,2.037
2794045,76519,76524,41937,6,0,0,2.333
2794045,76622,76626,43147,7,0,0,2.682
2794045,76642,76660,43148,8,0,0,2.88
2794045,76685,76696,46443,9,0,0,3.183
2794045,76720,76771,48050,10,0,0,3.374
2794045,76852,76856,41028,11,0,0,3.929
2794045,76876,76892,43249,12,0,0,4.079
2794045,76908,76912,43374,13,0,0,4.281
2794045,76934,76954,43439,14,0,0,4.572
2794045,76966,76970,45028,15,0,0,4.723
2794045,76985,77007,45030,16,0,0,4.856
2794045,77031,77050,42836,17,0,0,5.184
2794045,77062,77066,42839,18,0,0,5.352
2794045,77073,77078,42842,19,0,0,5.479
2794045,77130,77133,42844,20,0,0,5.764
2794045,77160,77163,42847,21,0,0,6.208
2794045,77180,77183,42850,22,0,0,6.453
2794045,77195,77198,42852,23,0,0,6.64
2794045,77246,77268,42854,24,0,0,7.121
2794045,77372,77375,42856,25,0,0,7.35
2794045,77397,77412,42858,26,0,0,7.596
2794045,77419,77422,42857,27,0,0,7.721
2794045,77439,77442,42862,28,0,0,8.02
2794045,77478,77561,42865,29,0,0,8.547
2794045,77587,77590,45031,30,0,0,8.922
2794045,77624,77652,42867,31,0,0,9.454
2794045,77686,77698,42869,32,0,0,9.86
2794045,77721,77727,42871,33,0,0,10.125
2794045,77765,77768,42873,34,0,0,10.646
2794045,77789,77814,46118,35,0,0,10.955
2794045,77838,77841,46119,36,0,0,11.294
2794045,77904,77907,46120,37,0,0,11.719
2794045,77932,77938,42876,38,0,0,11.974
2794045,77952,77961,42879,39,0,0,12.151
2794045,77972,77987,43240,40,0,0,12.284
2794045,78004,78009,41280,41,0,0,12.446
2794045,78023,78026,41282,42,0,0,12.637
2794045,78061,78079,41104,43,0,0,12.997
2794045,78115,78135,41614,44,0,0,13.308
2794045,78152,78171,41612,45,0,0,13.508
2794045,78187,78205,41609,46,0,0,13.718
2794045,78213,78231,41610,47,0,0,13.827
2792528,77118,77121,43084,1,0,0,0.316
2792528,77137,77140,43082,2,0,0,0.562
2792528,77166,77169,46121,3,0,0,0.948
2792528,77196,77214,46122,4,0,0,1.323
2792528,77235,77245,46123,5,0,0,1.613
2792528,77264,77267,46340,6,0,0,1.867
2792528,77288,77291,46124,7,0,0,2.187
2792528,77305,77308,46125,8,0,0,2.434
2792528,77318,77336,46126,9,0,0,2.605
2792528,77364,77367,46650,10,0,0,2.992
2792528,77380,77383,46127,11,0,0,3.239
2792528,77409,77412,46128,12,0,0,3.694
2792528,77440,77443,46129,13,0,0,4.152
2792528,77463,77472,41483,14,0,0,4.461
2792528,77527,77540,41480,15,0,0,5.245
2792528,77562,77565,41478,16,0,0,5.547
2792528,77577,77580,41475,17,0,0,5.751
2792528,77598,77619,41752,18,0,0,5.987
2792528,77645,77652,41750,19,0,0,6.274
2792528,77667,77679,41748,20,0,0,6.451
2792528,77690,77698,41753,21,0,0,6.592
2792528,77717,77725,41567,22,0,0,6.84
2792528,77748,77764,41565,23,0,0,7.113
2792528,77780,77791,41563,24,0,0,7.314
2792528,77831,77838,41561,25,0,0,7.46
2792528,77851,77859,41559,26,0,0,7.619
2792528,77869,77877,41571,27,0,0,7.773
2792528,77890,77899,41569,28,0,0,7.947
2792528,77935,77944,41575,29,0,0,8.35
2792528,77974,77978,41447,30,0,0,8.605
2792528,78009,78012,46505,31,0,0,9.078
2792528,78040,78100,41445,32,0,0,9.296
2792528,78107,78110,46592,33,0,0,9.414
2792528,78122,78136,41443,34,0,0,9.605
2792528,78190,78203,41440,35,0,0,10.394
2792528,78218,78218,41315,36,0,0,10.632
2792528,78284,78294,41317,37,0,0,10.83
2792528,78309,78323,41319,38,0,0,11.016
2792528,78365,78380,41968,39,0,0,11.459
2792528,78398,78406,41970,40,0,0,11.685
2792528,78419,78428,41972,41,0,0,11.855
2792528,78445,78454,41974,42,0,0,12.057
2792528,78476,78483,41618,43,0,0,12.342
2792528,78499,78507,42145,44,0,0,12.519
2792528,78526,78535,42144,45,0,0,12.772
2792528,78539,78547,42142,46,0,0,12.846
2792528,78571,78585,42147,47,0,0,13.166
2792528,78594,78613,42149,48,0,0,13.273
2792528,78633,78637,41434,49,0,0,13.469
2792528,78653,78674,41432,50,0,0,13.699
2792528,78690,78693,41429,51,0,0,13.897
2792528,78734,78737,42815,52,0,0,14.335
2792528,78758,78761,42816,53,0,0,14.629
2792528,78767,78770,42818,54,0,0,14.761
2792528,78794,78797,46633,55,0,0,15.02
2792528,78809,78825,41290,56,0,0,15.189
2792528,78856,78859,41288,57,0,0,15.595
2792528,78876,78890,41286,58,0,0,15.838
2792528,78909,78912,41284,59,0,0,16.109
2792528,78932,78935,41302,60,0,0,16.425
2792528,78973,78992,41300,61,0,0,16.638
2792528,79024,79027,41298,62,0,0,16.8
2792528,79052,79114,41293,63,0,0,17.172
2792528,79135,79148,41442,64,0,0,17.428
2792528,79190,79193,41419,65,0,0,17.804
2793764,70991,70995,43084,1,0,0,0.316
2793764,71010,71013,43082,2,0,0,0.562
2793764,71039,71042,46121,3,0,0,0.948
2793764,71065,71083,46122,4,0,0,1.323
2793764,71105,71114,46123,5,0,0,1.613
2793764,71131,71133,46340,6,0,0,1.867
2793764,71148,71151,46124,7,0,0,2.187
2793764,71161,71164,46125,8,0,0,2.434
2793764,71170,71173,46126,9,0,0,2.605
2793764,71192,71194,46650,10,0,0,2.992
2793764,71205,71208,46127,11,0,0,3.239
2793764,71234,71237,46128,12,0,0,3.694
2793764,71271,71289,46129,13,0,0,4.152
2793764,71311,71321,41483,14,0,0,4.461
2793764,71371,71373,41480,15,0,0,5.245
2793764,71392,71410,41478,16,0,0,5.547
2793764,71424,71426,41475,17,0,0,5.751
2793764,71482,71487,41752,18,0,0,5.987
2793764,71509,71517,41750,19,0,0,6.274
2793764,71531,71546,41748,20,0,0,6.451
2793764,71555,71565,41753,21,0,0,6.592
2793764,71584,71595,41567,22,0,0,6.84
2793764,71614,71623,41565,23,0,0,7.113
2793764,71637,71646,41563,24,0,0,7.314
2793764,71656,71665,41561,25,0,0,7.46
2793764,71676,71685,41559,26,0,0,7.619
2793764,71696,71705,41571,27,0,0,7.773
2793764,71718,71731,41569,28,0,0,7.947
2793764,71771,71782,41575,29,0,0,8.35
2793764,71822,71827,41447,30,0,0,8.605
2793764,71854,71856,46505,31,0,0,9.078
2793764,71887,71926,41445,32,0,0,9.296
2793764,71933,71935,46592,33,0,0,9.414
2793764,71944,71947,41443,34,0,0,9.605
2793764,72041,72046,41440,35,0,0,10.394
2793764,72083,72087,41315,36,0,0,10.632
2793764,72100,72110,41317,37,0,0,10.83
2793764,72124,72135,41319,38,0,0,11.016
2793764,72178,72188,41968,39,0,0,11.459
2793764,72205,72215,41970,40,0,0,11.685
2793764,72228,72243,41972,41,0,0,11.855
2793764,72260,72269,41974,42,0,0,12.057
2793764,72288,72293,41618,43,0,0,12.342
2793764,72309,72318,42145,44,0,0,12.519
2793764,72334,72344,42144,45,0,0,12.772
2793764,72348,72357,42142,46,0,0,12.846
2793764,72380,72389,42147,47,0,0,13.166
2793764,72395,72431,42149,48,0,0,13.273
2793764,72467,72470,41434,49,0,0,13.469
2793764,72483,72496,41432,50,0,0,13.699
2793764,72510,72514,41429,51,0,0,13.897
2793764,72563,72568,42815,52,0,0,14.335
2793764,72604,72608,42816,53,0,0,14.629
2793764,72617,72623,42818,54,0,0,14.761
2793764,72645,72648,46633,55,0,0,15.02
2793764,72656,72658,41290,56,0,0,15.189
2793764,72723,72726,41288,57,0,0,15.595
2793764,72739,72742,41286,58,0,0,15.838
2793764,72757,72759,41284,59,0,0,16.109
2793764,72781,72813,41302,60,0,0,16.425
2793764,72829,72856,41300,61,0,0,16.638
2793764,72870,72887,41298,62,0,0,16.8
2793764,72914,73016,41293,63,0,0,17.172
2793764,73034,73051,41442,64,0,0,17.428
2793764,73122,73124,41419,65,0,0,17.804
2793764,73230,73249,41894,66,0,0,18.576
2793764,73358,73361,41534,67,0,0,19.5
2793764,73421,73428,41668,68,0,0,20.025
2793764,73631,73633,43410,69,0,0,21.5
2793764,73725,73729,46617,70,0,0,22.715
2791546,68422,68428,46154,30,0,0,7.152
2791546,68439,68443,46155,31,0,0,7.312
2791546,68456,68463,46156,32,0,0,7.48
2791546,68471,68479,41145,33,0,0,7.589
2791546,68502,68511,41140,34,0,0,7.867
2791546,68519,68527,42239,35,0,0,7.987
2791546,68532,68554,42240,36,0,0,8.066
2791546,68565,68575,46157,37,0,0,8.199
2791546,68589,68597,46158,38,0,0,8.365
2791546,68602,68622,46159,39,0,0,8.447
2791546,68642,68650,42525,40,0,0,8.708
2791546,68658,68667,42527,41,0,0,8.819
2791546,68678,68682,42529,42,0,0,8.99
2791546,68694,68697,42518,43,0,0,9.181
2791546,68713,68740,42520,44,0,0,9.41
2791546,68753,68756,41354,45,0,0,9.564
2791546,68765,68781,41352,46,0,0,9.691
2791546,68800,68818,41349,47,0,0,9.934
2791546,68836,68840,41347,48,0,0,10.186
2791546,68853,68856,41345,49,0,0,10.395
2791546,68869,68889,41343,50,0,0,10.571
2791546,68946,68949,41799,51,0,0,10.904
2791546,68968,68972,41797,52,0,0,11.177
2791546,68989,69005,41795,53,0,0,11.414
2791546,69045,69049,41876,54,0,0,11.697
2793421,78905,78915,41780,1,0,0,0.12
2793421,78951,78960,41778,2,0,0,0.485
2793421,78987,78996,41776,3,0,0,0.802
2793421,79013,79021,41766,4,0,0,0.981
2793421,79032,79041,41764,5,0,0,1.121
2793421,79063,79072,41762,6,0,0,1.358
2793421,79089,79104,41760,7,0,0,1.565
2793421,79128,79132,41475,8,0,0,1.783
2793421,79143,79146,41470,9,0,0,1.963
2793421,79179,79189,42439,10,0,0,2.291
2793242,76314,76349,41842,1,0,0,0.511
2793242,76351,76356,41865,2,0,0,0.787
2793242,76365,76372,41887,3,0,0,0.969
2793242,76424,76431,41796,4,0,0,1.332
2793242,76445,76463,41798,5,0,0,1.513
2793242,76497,76509,41800,6,0,0,1.734
2793242,76520,76523,41341,7,0,0,1.861
2793242,76539,76554,41344,8,0,0,2.059
2793242,76572,76575,41346,9,0,0,2.308
2793242,76588,76591,41348,10,0,0,2.502
2793242,76601,76604,41350,11,0,0,2.659
2793242,76620,76651,41353,12,0,0,2.865
2793242,76709,76726,42521,13,0,0,3.096
2793242,76741,76744,42519,14,0,0,3.297
2793242,76756,76759,42517,15,0,0,3.476
2793242,76771,76785,42528,16,0,0,3.649
2793242,76792,76800,42526,17,0,0,3.757
2793242,76821,76839,42524,18,0,0,4.022
2793242,76868,76876,42522,19,0,0,4.407
2793242,76913,76942,46262,20,0,0,4.882
2793242,76967,76981,45031,21,0,0,5.245
2793242,77229,77234,42705,22,0,0,8.856
2793242,77245,77258,42719,23,0,0,9.0
2793242,77275,77288,42721,24,0,0,9.209
2793242,77315,77337,41754,25,0,0,9.507
2793242,77350,77353,41756,26,0,0,9.668
2793242,77370,77386,41758,27,0,0,9.888
2793242,77399,77399,42422,28,0,0,10.122
2793242,77422,77422,42424,29,0,0,10.308
2793242,77440,77443,42479,34,0,0,11.414
2793242,77456,77459,42467,35,0,0,11.595
2793242,77469,77477,42469,36,0,0,11.744
2793242,77496,77505,42471,37,0,0,11.985
2793242,77513,77516,42785,38,0,0,12.116
2793242,77536,77628,42787,39,0,0,12.375
2793242,77671,77681,42789,40,0,0,12.801
2793242,77703,77706,42767,41,0,0,13.077
2793242,77720,77729,42769,42,0,0,13.259
2793242,77752,77768,42771,43,0,0,13.547
2793242,77785,77804,42773,44,0,0,13.764
2793242,77820,77823,42775,45,0,0,13.937
2793242,77842,77851,42777,46,0,0,14.195
2793242,77866,77875,42779,47,0,0,14.392
2793242,77891,77894,43162,48,0,0,14.606
2793242,77930,77933,42782,49,0,0,14.978
2793242,77945,77953,42784,50,0,0,15.167
2793242,77984,77987,42251,51,0,0,15.532
2793242,78001,78004,42254,52,0,0,15.726
2793242,78017,78020,42256,53,0,0,15.913
2793242,78039,78042,42258,54,0,0,16.196
2793242,78057,78063,42247,55,0,0,16.401
2793242,78087,78094,42248,56,0,0,16.575
2793242,78119,78124,42249,57,0,0,16.792
2793242,78145,78149,41961,58,0,0,16.95
2793242,78164,78168,41954,59,0,0,17.129
2793242,78195,78203,46602,60,0,0,17.369
2793242,78216,78223,43939,61,0,0,17.489
2793242,78249,78255,43921,62,0,0,17.759
2793242,78332,78378,43922,63,0,0,18.258
2793242,78406,78421,46504,64,0,0,18.607
2793242,78447,78455,46503,65,0,0,18.962
2793242,78507,78544,43923,66,0,0,19.334
2793242,78554,78559,43924,67,0,0,19.45
2793242,78574,78577,46412,68,0,0,19.651
2793242,78597,78600,43984,69,0,0,19.851
2793242,78608,78610,41295,70,0,0,19.999
2793242,78673,78676,43920,71,0,0,20.75
2793242,78753,78757,43925,72,0,0,21.252
2793242,78773,78776,43927,73,0,0,21.471
2793242,78785,78788,43928,74,0,0,21.599
2793242,78845,78848,43296,75,0,0,21.763
2793242,78866,78869,46470,76,0,0,22.023
2793242,78903,78903,44170,77,0,0,22.582
2793242,78930,78930,43385,78,0,0,22.782
2793242,78957,78957,43386,79,0,0,22.976
2793242,79036,79068,46531,80,0,0,23.168
2793242,79070,79073,43979,81,0,0,23.402
2793242,79102,79141,43387,82,0,0,23.619
2794454,73012,73052,41842,1,0,0,0.511
2794454,73054,73058,41865,2,0,0,0.787
2794454,73069,73073,41887,3,0,0,0.969
2794454,73109,73113,41796,4,0,0,1.332
2794454,73127,73145,41798,5,0,0,1.513
2794454,73166,73195,41800,6,0,0,1.734
2794454,73207,73224,41341,7,0,0,1.861
2794454,73242,73261,41344,8,0,0,2.059
2794454,73283,73335,41346,9,0,0,2.308
2794454,73353,73382,41348,10,0,0,2.502
2794454,73394,73398,41350,11,0,0,2.659
2794454,73412,73439,41353,12,0,0,2.865
2794454,73479,73498,42521,13,0,0,3.096
2794454,73511,73514,42519,14,0,0,3.297
2794454,73526,73545,42517,15,0,0,3.476
2794454,73556,73564,42528,16,0,0,3.649
2794454,73570,73587,42526,17,0,0,3.757
2794454,73609,73619,42524,18,0,0,4.022
2794454,73649,73658,42522,19,0,0,4.407
2794454,73695,73720,46262,20,0,0,4.882
2794454,73744,73747,45031,21,0,0,5.245
2794454,73984,73989,42705,22,0,0,8.856
2794454,73999,74014,42719,23,0,0,9.0
2794454,74029,74041,42721,24,0,0,9.209
2794454,74070,74093,41754,25,0,0,9.507
2794454,74105,74108,41756,26,0,0,9.668
2794454,74124,74133,41758,27,0,0,9.888
2794454,74152,74160,42422,28,0,0,10.122
2794454,74173,74176,42424,29,0,0,10.308
2794454,74190,74193,42426,30,0,0,10.495
2794454,74228,74235,42473,31,0,0,10.754
2794454,74255,74271,42475,32,0,0,11.007
2794454,74292,74299,42477,33,0,0,11.249
2794454,74311,74320,42479,34,0,0,11.414
2794454,74333,74337,42467,35,0,0,11.595
2794454,74347,74355,42469,36,0,0,11.744
2794454,74373,74382,42471,37,0,0,11.985
2794454,74391,74395,42785,38,0,0,12.116
2794454,74416,74431,42787,39,0,0,12.375
2794454,74469,74485,42789,40,0,0,12.801
2794454,74508,74524,42767,41,0,0,13.077
2794454,74538,74546,42769,42,0,0,13.259
2794454,74569,74576,42771,43,0,0,13.547
2794454,74593,74652,42773,44,0,0,13.764
2794454,74664,74668,42775,45,0,0,13.937
2794454,74685,74695,42777,46,0,0,14.195
2794454,74709,74723,42779,47,0,0,14.392
2794454,74740,74744,43162,48,0,0,14.606
2794454,74779,74783,42782,49,0,0,14.978
2794454,74796,74803,42784,50,0,0,15.167
2794454,74833,74854,42251,51,0,0,15.532
2794454,74868,74871,42254,52,0,0,15.726
2794454,74883,74883,42256,53,0,0,15.913
2794454,74982,74985,42258,54,0,0,16.196
2794454,74999,75001,42247,55,0,0,16.401
2794454,75012,75016,42248,56,0,0,16.575
2794454,75030,75048,42249,57,0,0,16.792
2794454,75065,75070,41961,58,0,0,16.95
2794454,75082,75094,41954,59,0,0,17.129
2794454,75120,75134,46602,60,0,0,17.369
2794454,75142,75146,43939,61,0,0,17.489
2794454,75163,75165,43921,62,0,0,17.759
2794454,75206,75235,43922,63,0,0,18.258
2794454,75263,75305,46504,64,0,0,18.607
2794454,75331,75351,46503,65,0,0,18.962
2794454,75384,75399,43923,66,0,0,19.334
2794454,75406,75410,43924,67,0,0,19.45
2794454,75424,75427,46412,68,0,0,19.651
2794454,75448,75452,43984,69,0,0,19.851
2794454,75459,75463,41295,70,0,0,19.999
2794454,75512,75544,43920,71,0,0,20.75
2794454,75595,75600,43925,72,0,0,21.252
2794454,75619,75638,43927,73,0,0,21.471
2794454,75647,75651,43928,74,0,0,21.599
2794454,75754,75758,43296,75,0,0,21.763
2794454,75776,75781,46470,76,0,0,22.023
2794454,75817,75817,44170,77,0,0,22.582
2794454,75844,75844,43385,78,0,0,22.782
2794454,75871,75871,43386,79,0,0,22.976
2794454,76000,76030,46531,80,0,0,23.168
2794454,76031,76040,43979,81,0,0,23.402
2794454,76067,76090,43387,82,0,0,23.619
2794454,76243,76247,46422,83,0,0,23.927
2794454,76298,76303,42832,84,0,0,24.624
2794454,76426,76449,41958,85,0,0,24.907
2794454,76482,76498,41937,86,0,0,25.203
2794454,76617,76620,43147,87,0,0,25.552
2794454,76633,76644,43148,88,0,0,25.75
2793284,68410,68413,41855,48,0,0,12.82
2793284,68439,68447,41853,49,0,0,13.118
2793284,68475,68496,41851,50,0,0,13.462
2793284,68540,68613,41850,51,0,0,13.722
2793284,68645,68664,41847,52,0,0,14.143
2793284,68678,68694,41845,53,0,0,14.304
2793284,68715,68718,41843,54,0,0,14.584
2793284,68762,68789,41835,55,0,0,14.793
2793284,68818,68856,41838,56,0,0,15.144
2793284,68878,68908,41836,57,0,0,15.335
2793284,68920,68941,41840,58,0,0,15.489
2793284,68979,69002,41832,59,0,0,15.784
2793284,69023,69027,41830,60,0,0,15.9
2793284,69091,69094,41827,61,0,0,16.543
2793284,69117,69148,41825,62,0,0,16.787
2793284,69169,69169,41823,63,0,0,17.043
2793284,69204,69204,41821,64,0,0,17.26
2793284,69223,69223,41819,65,0,0,17.485
2793284,69262,69262,41815,66,0,0,17.72
2793284,69384,69384,41816,67,0,0,17.969
2793284,69404,69404,41812,68,0,0,18.205
2793284,69450,69450,41810,69,0,0,18.432
2793284,69512,69512,41808,70,0,0,18.732
2793284,69555,69555,41806,71,0,0,18.883
2793284,69604,69604,41803,72,0,0,19.163
2793284,69632,69632,41801,73,0,0,19.389
2793284,69715,69715,41799,74,0,0,19.631
2793284,69760,69760,41797,75,0,0,19.904
2793284,69799,69799,41795,76,0,0,20.141
2793284,69841,69841,41876,77,0,0,20.424
2793576,70787,70791,41590,1,0,0,0.374
2793576,70807,70810,41595,2,0,0,0.586
2793576,70831,70844,41597,3,0,0,0.843
2793576,70857,70861,41599,4,0,0,1.035
2793576,70881,70889,41580,5,0,0,1.277
2793576,70901,70905,41582,6,0,0,1.468
2793576,70931,70939,41586,7,0,0,1.806
2793576,70952,70960,41588,8,0,0,1.989
2793576,70978,70981,41591,9,0,0,2.211
2793576,70991,70999,45004,10,0,0,2.348
2793576,71026,71032,45005,11,0,0,2.68
2793576,71067,71070,46638,12,0,0,3.072
2793576,71093,71096,42920,13,0,0,3.358
2793576,71114,71124,42940,14,0,0,3.554
2793576,71152,71161,42964,15,0,0,3.873
2793576,71175,71189,42987,16,0,0,4.032
2793576,71203,71206,42885,17,0,0,4.223
2793576,71229,71238,42908,18,0,0,4.485
2793576,71257,71271,42914,19,0,0,4.703
2793576,71299,71314,42916,20,0,0,5.014
2793576,71331,71339,42918,21,0,0,5.226
2793576,71372,71452,42921,22,0,0,5.348
2793576,71467,71474,42923,23,0,0,5.548
2793576,71484,71492,42925,24,0,0,5.691
2793576,71501,71509,42927,25,0,0,5.829
2793576,71520,71526,42929,26,0,0,5.984
2793576,71545,71553,42932,27,0,0,6.224
2793576,71559,71562,42934,28,0,0,6.334
2793576,71580,71588,42936,29,0,0,6.57
2793576,71593,71600,46605,30,0,0,6.665
2793576,71615,71623,42938,31,0,0,6.884
2793576,71636,71639,42941,32,0,0,7.082
2793576,71649,71652,42943,33,0,0,7.268
2793576,71663,71670,42945,34,0,0,7.444
2793576,71694,71701,42947,35,0,0,7.766
2793576,71720,71725,45036,36,0,0,8.029
2793576,71751,71754,46323,37,0,0,8.273
2793576,71776,71801,41046,38,0,0,8.577
2793576,71817,71825,43101,39,0,0,8.786
2793576,71837,71846,43103,40,0,0,8.968
2793576,71857,71873,43105,41,0,0,9.12
2793576,71898,71901,41049,42,0,0,9.398
2793576,71964,71968,41050,43,0,0,9.715
2793576,71997,72011,42958,44,0,0,10.112
2793576,72043,72046,42960,45,0,0,10.495
2793576,72059,72061,43982,46,0,0,10.698
2793576,72109,72122,42962,47,0,0,10.952
2793576,72135,72147,42965,48,0,0,11.121
2793576,72173,72191,42967,49,0,0,11.502
2793576,72207,72221,42969,50,0,0,11.709
2793576,72248,72303,42433,51,0,0,11.907
2793576,72304,72318,42431,52,0,0,12.16
2793576,72334,72343,42434,53,0,0,12.387
2793576,72352,72366,42436,54,0,0,12.52
2793576,72393,72416,41466,55,0,0,12.717
2793576,72436,72451,41469,56,0,0,13.017
2793576,72462,72464,41465,57,0,0,13.185
2793576,72476,72480,41500,58,0,0,13.427
2793576,72508,72521,41498,59,0,0,13.916
2793576,72538,72542,41493,60,0,0,14.106
2793576,72565,72570,41477,61,0,0,14.406
2793576,72585,72624,46264,62,0,0,14.595
2793576,72637,72641,46414,63,0,0,14.807
2793576,72646,72649,46265,64,0,0,14.938
2793576,72687,72695,46266,65,0,0,15.595
2793576,72727,72730,41494,66,0,0,16.135
2793576,72754,72772,45037,67,0,0,16.553
2793576,72793,72795,45038,68,0,0,16.886
2793576,72819,72824,46074,69,0,0,17.189
2793576,72851,72853,41959,70,0,0,17.613
2793576,72884,72887,41961,71,0,0,17.965
2793576,72896,72898,41954,72,0,0,18.144
2793576,72926,72928,41955,73,0,0,18.399
2793576,72940,72943,41949,74,0,0,18.633
2793576,72973,72976,41947,75,0,0,19.2
2793576,72981,72984,41944,76,0,0,19.301
2793576,73001,73004,41960,77,0,0,19.571
2793576,73013,73018,46355,78,0,0,19.725
2793576,73053,73056,41964,79,0,0,20.092
2793576,73069,73072,41966,80,0,0,20.326
2793576,73091,73111,41941,81,0,0,20.622
2793576,73258,73277,41958,82,0,0,21.021
2793576,73331,73346,41937,83,0,0,21.317
2793576,73395,73398,43147,84,0,0,21.666
2793576,73411,73430,43148,85,0,0,21.865
2792221,76681,76685,41957,1,0,0,1.162
2792221,76709,76743,41952,2,0,0,1.455
2792221,76779,76779,41942,3,0,0,1.844
2792221,77088,77184,44903,4,0,0,3.488
2792221,77855,77884,41481,5,0,0,12.239
2792221,77913,77932,46130,6,0,0,12.533
2792221,77948,77951,43070,7,0,0,12.739
2792221,77962,77976,43072,8,0,0,12.907
2792221,77993,78001,43074,9,0,0,13.152
2792221,78009,78012,43076,10,0,0,13.284
2792221,78073,78094,42952,11,0,0,13.499
2792221,78115,78118,42949,12,0,0,13.794
2792221,78126,78138,42948,13,0,0,13.924
2792221,78151,78170,46325,14,0,0,14.088
2792221,78190,78211,42946,15,0,0,14.357
2792221,78234,78243,42944,16,0,0,14.677
2792221,78252,78255,42942,17,0,0,14.83
2792221,78271,78274,42939,18,0,0,15.051
2792221,78289,78309,42937,19,0,0,15.234
2792221,78326,78334,46604,20,0,0,15.453
2792221,78341,78349,42935,21,0,0,15.552
2792221,78367,78371,42933,22,0,0,15.787
2792221,78380,78389,42930,23,0,0,15.904
2792221,78407,78415,42928,24,0,0,16.139
2792221,78427,78446,42926,25,0,0,16.292
2792221,78456,78464,42924,26,0,0,16.429
2792221,78475,78491,42922,27,0,0,16.581
2792221,78506,78526,42919,28,0,0,16.793
2792221,78610,78632,42917,29,0,0,16.971
2792221,78651,78668,42915,30,0,0,17.195
2792221,78681,78684,42913,31,0,0,17.391
2792221,78702,78709,42896,32,0,0,17.619
2792221,78731,78746,42997,33,0,0,17.887
2792221,78760,78768,42975,34,0,0,18.067
2792221,78786,78808,42953,35,0,0,18.249
2792221,78829,78837,42931,36,0,0,18.56
2792221,78855,78859,42884,37,0,0,18.776
2792221,78872,78878,46641,38,0,0,18.92
2792221,78899,78904,46290,39,0,0,19.17
2792221,78936,78954,46291,40,0,0,19.512
2792221,78970,78984,46292,41,0,0,19.72
2792221,78997,79000,46293,42,0,0,19.917
2792221,79018,79021,46294,43,0,0,20.253
2792221,79031,79034,46295,44,0,0,20.423
2792221,79061,79069,46296,45,0,0,20.749
2792221,79180,79188,46297,46,0,0,22.1
2792813,76365,76368,41197,1,0,0,0.298
2792813,76389,76398,43260,2,0,0,0.541
2792813,76407,76418,41190,3,0,0,0.662
2792813,76435,76440,46280,4,0,0,0.805
2792813,76450,76459,41784,5,0,0,0.943
2792813,76474,76483,41785,6,0,0,1.141
2792813,76504,76513,41787,7,0,0,1.39
2792813,76529,76538,46281,8,0,0,1.569
2792813,76556,76566,46282,9,0,0,1.799
2792813,76760,76764,46283,10,0,0,3.209
2792813,76784,76787,46284,11,0,0,3.502
2792813,76796,76798,46285,12,0,0,3.662
2792813,76820,76823,46286,13,0,0,4.008
2792813,76833,76842,46287,14,0,0,4.184
2792813,76856,76859,46288,15,0,0,4.396
2792813,76888,76893,46289,16,0,0,4.759
2792813,76917,76927,46640,17,0,0,5.051
2792813,76933,76937,42920,18,0,0,5.144
2792813,76952,76961,42940,19,0,0,5.339
2792813,76988,76998,42964,20,0,0,5.659
2792813,77010,77020,42987,21,0,0,5.817
2792813,77034,77038,42885,22,0,0,6.009
2792813,77060,77070,42908,23,0,0,6.27
2792813,77088,77092,42914,24,0,0,6.488
2792813,77120,77149,42916,25,0,0,6.8
2792813,77166,77170,42918,26,0,0,7.011
2792813,77178,77198,42921,27,0,0,7.133
2792813,77214,77222,42923,28,0,0,7.333
2792813,77232,77240,42925,29,0,0,7.476
2792813,77250,77259,42927,30,0,0,7.614
2792813,77271,77280,42929,31,0,0,7.769
2792813,77301,77311,42932,32,0,0,8.01
2792813,77319,77324,42934,33,0,0,8.119
2792813,77343,77353,42936,34,0,0,8.355
2792813,77360,77378,46605,35,0,0,8.45
2792813,77397,77419,42938,36,0,0,8.67
2792813,77436,77440,42941,37,0,0,8.868
2792813,77453,77456,42943,38,0,0,9.053
2792813,77469,77479,42945,39,0,0,9.23
2792813,77506,77516,42947,40,0,0,9.552
2792813,77537,77542,45036,41,0,0,9.814
2792813,77550,77560,42950,42,0,0,9.954
2792813,77575,77578,42951,43,0,0,10.156
2792813,77598,77603,42954,44,0,0,10.414
2792813,77612,77619,42956,45,0,0,10.569
2792813,77632,77641,43075,46,0,0,10.752
2792813,77662,77678,43073,47,0,0,11.0
2792813,77693,77698,43071,48,0,0,11.186
2792813,77709,77740,43069,49,0,0,11.329
2792813,77767,77782,41483,50,0,0,11.661
2792813,78399,78534,44913,51,0,0,20.16
2792813,78622,78655,41941,52,0,0,21.797
2792813,78713,78717,41958,53,0,0,22.197
2792813,78738,78741,41937,54,0,0,22.492
2794371,68495,68499,41197,1,0,0,0.298
2794371,68518,68527,43260,2,0,0,0.541
2794371,68537,68548,41190,3,0,0,0.662
2794371,68565,68570,46280,4,0,0,0.805
2794371,68579,68587,41784,5,0,0,0.943
2794371,68604,68614,41785,6,0,0,1.141
2794371,68633,68642,41787,7,0,0,1.39
2794371,68657,68666,46281,8,0,0,1.569
2794371,68685,68693,46282,9,0,0,1.799
2794371,68835,68840,46283,10,0,0,3.209
2794371,68863,68866,46284,11,0,0,3.502
2794371,68876,68878,46285,12,0,0,3.662
2794371,68901,68904,46286,13,0,0,4.008
2794371,68915,68925,46287,14,0,0,4.184
2794371,68939,68942,46288,15,0,0,4.396
2794371,68975,68980,46289,16,0,0,4.759
2794371,69006,69017,46640,17,0,0,5.051
2794371,69024,69028,42920,18,0,0,5.144
2794371,69045,69055,42940,19,0,0,5.339
2794371,69088,69097,42964,20,0,0,5.659
2794371,69112,69122,42987,21,0,0,5.817
2794371,69138,69145,42885,22,0,0,6.009
2794371,69170,69183,42908,23,0,0,6.27
2794371,69203,69208,42914,24,0,0,6.488
2794371,69236,69252,42916,25,0,0,6.8
2794371,69273,69291,42918,26,0,0,7.011
2794371,69340,69357,42921,27,0,0,7.133
2794371,69375,69385,42923,28,0,0,7.333
2794371,69398,69410,42925,29,0,0,7.476
2794371,69421,69432,42927,30,0,0,7.614
2794371,69448,69458,42929,31,0,0,7.769
2794371,69487,69497,42932,32,0,0,8.01
2794371,69506,69510,42934,33,0,0,8.119
2794371,69532,69544,42936,34,0,0,8.355
2794371,69551,69561,46605,35,0,0,8.45
2794371,69583,69593,42938,36,0,0,8.67
2794371,69614,69619,42941,37,0,0,8.868
2794371,69634,69639,42943,38,0,0,9.053
2794371,69652,69662,42945,39,0,0,9.23
2794371,69696,69707,42947,40,0,0,9.552
2794371,69734,69738,45036,41,0,0,9.814
2794371,69751,69761,42950,42,0,0,9.954
2794371,69781,69786,42951,43,0,0,10.156
2794371,69817,69821,42954,44,0,0,10.414
2794371,69837,69850,42956,45,0,0,10.569
2794371,69876,69885,43075,46,0,0,10.752
2794371,69909,69919,43073,47,0,0,11.0
2794371,69937,69940,43071,48,0,0,11.186
2794371,69955,69965,43069,49,0,0,11.329
2794371,70006,70022,41483,50,0,0,11.661
2794371,70724,70799,44913,51,0,0,20.16
2794371,70982,71013,41941,52,0,0,21.797
2794371,71064,71067,41958,53,0,0,22.197
2794371,71088,71093,41937,54,0,0,22.492
2793506,68490,68510,46500,7,0,0,9.029
2793506,68560,68563,46529,8,0,0,9.8
2793506,68781,68784,42136,9,0,0,12.903
2793506,68804,68823,42138,10,0,0,13.16
2793506,68848,68866,42140,11,0,0,13.495
2793506,68880,68882,41988,12,0,0,13.708
2793506,68904,68926,41990,13,0,0,13.996
2793506,68937,68940,41992,14,0,0,14.173
2793506,68961,68963,41994,15,0,0,14.529
2793506,68990,69011,41996,16,0,0,14.917
2793506,69025,69028,41999,17,0,0,15.134
2793506,69036,69039,42001,18,0,0,15.284
2793506,69053,69070,42003,19,0,0,15.514
2793506,69102,69121,42005,20,0,0,15.955
2793506,69134,69156,42008,21,0,0,16.132
2793506,69172,69180,42010,22,0,0,16.354
2793506,69209,69209,42409,23,0,0,16.635
2793506,69228,69228,42414,24,0,0,16.789
2793506,69320,69328,42416,25,0,0,17.018
2793506,69339,69347,42418,26,0,0,17.171
2793506,69369,69391,42420,27,0,0,17.401
2793506,69411,69418,42411,28,0,0,17.629
2793506,69448,69455,42412,29,0,0,17.794
2793506,69466,69477,42178,30,0,0,17.945
2793506,69487,69511,42179,31,0,0,18.063
2793506,69523,69531,42180,32,0,0,18.216
2793506,69555,69578,42184,33,0,0,18.544
2793506,69588,69595,42447,34,0,0,18.689
2793506,69607,69615,42455,35,0,0,18.863
2793506,69648,69653,42457,36,0,0,19.141
