trip_id,arrival_time,departure_time,stop_id,stop_sequence,pickup_type,drop_off_type,shape_dist_traveled
2790317,48502,48535,41899,1,0,0,1.846
2790317,48632,48636,41897,2,0,0,2.735
2790317,48788,48817,41895,3,0,0,4.154
2790317,48882,48903,41431,4,0,0,5.193
2790317,49065,49091,41263,5,0,0,5.676
2790317,49153,49175,41461,6,0,0,5.99
2790317,49205,49210,41463,7,0,0,6.26
2790317,49220,49238,41410,8,0,0,6.405
2790317,49255,49270,41412,9,0,0,6.623
2790317,49297,49324,41414,10,0,0,6.95
2790317,49350,49383,41416,11,0,0,7.264
2790317,49402,49405,41417,12,0,0,7.523
2790317,49417,49429,41421,13,0,0,7.719
2790317,49458,49538,41424,14,0,0,8.072
2790317,49561,49599,41426,15,0,0,8.377
2790317,49698,49700,41428,16,0,0,8.609
2790317,49720,49734,41430,17,0,0,8.912
2790317,49747,49761,41433,18,0,0,9.093
2790317,49832,49854,41435,19,0,0,9.32
2790317,49873,49905,41437,20,0,0,9.507
2790317,49931,49971,41439,21,0,0,9.885
2790317,49983,49986,41441,22,0,0,10.071
2790317,50044,50047,43266,23,0,0,10.788
2790317,50066,50111,41444,24,0,0,11.036
2790317,50127,50130,46424,25,0,0,11.271
2790317,50142,50144,46307,26,0,0,11.479
2790317,50164,50183,41446,27,0,0,11.786
2790317,50202,50221,41448,28,0,0,12.04
2790317,50282,50303,41450,29,0,0,12.436
2790317,50314,50332,43390,30,0,0,12.592
2790317,50347,50349,41452,31,0,0,12.809
2790317,50403,50422,46308,32,0,0,13.588
2790317,50489,50509,41454,33,0,0,13.886
2790317,50535,50538,46620,34,0,0,14.134
2790317,50563,50567,41456,35,0,0,14.276
2790317,50582,50585,41458,36,0,0,14.54
2790317,50664,50668,46317,37,0,0,15.014
2790317,50689,50710,46277,38,0,0,15.363
2790317,50725,50737,46278,39,0,0,15.558
2790317,50781,50863,46319,40,0,0,15.998
2790317,50881,50888,42999,41,0,0,16.169
2790317,50909,50919,43002,42,0,0,16.351
2790317,50947,50956,43004,43,0,0,16.66
2790317,51016,51044,43008,44,0,0,16.973
2790317,51064,51082,42886,45,0,0,17.228
2790317,51093,51101,42888,46,0,0,17.38
2790317,51118,51123,41548,47,0,0,17.582
2790317,51128,51131,41550,48,0,0,17.699
2790317,51139,51146,41552,49,0,0,17.842
2790317,51159,51167,41554,50,0,0,18.03
2790317,51183,51186,41544,51,0,0,18.249
2793456,52969,53076,41893,1,0,0,0.54
2793456,53099,53102,41891,2,0,0,0.762
2793456,53114,53116,41890,3,0,0,0.97
2793456,53123,53125,41888,4,0,0,1.109
2793456,53136,53139,46437,5,0,0,1.303
2793456,53150,53158,41885,6,0,0,1.489
2793456,53176,53179,41883,7,0,0,1.759
2793456,53202,53211,41881,8,0,0,2.149
2793456,53223,53228,41879,9,0,0,2.337
2793456,53252,53265,41877,10,0,0,2.542
2793456,53275,53278,41874,11,0,0,2.7
2793456,53289,53292,41872,12,0,0,2.892
2793456,53309,53311,41870,13,0,0,3.171
2793456,53318,53333,41868,14,0,0,3.279
2793456,53362,53377,41866,15,0,0,3.551
2793456,53398,53420,41863,16,0,0,3.814
2793456,53453,53464,41861,17,0,0,4.229
2793456,53481,53489,41859,18,0,0,4.431
2793456,53509,53525,41857,19,0,0,4.688
2793456,53556,53563,41855,20,0,0,4.983
2793456,53669,53702,41853,21,0,0,5.282
2793456,53734,53751,41851,22,0,0,5.625
2793456,53980,54011,41850,23,0,0,5.886
2793456,54061,54081,41847,24,0,0,6.306
2793456,54096,54112,41845,25,0,0,6.467
2793456,54132,54135,41843,26,0,0,6.747
2793456,54188,54214,41835,27,0,0,6.957
2793456,54240,54243,41838,28,0,0,7.307
2793456,54256,54265,41836,29,0,0,7.499
2793456,54276,54285,41840,30,0,0,7.652
2793456,54319,54322,41832,31,0,0,7.948
2793456,54328,54343,41830,32,0,0,8.063
2793456,54444,54447,41827,33,0,0,8.707
2793456,54466,54518,41825,34,0,0,8.95
2793456,54535,54537,41823,35,0,0,9.207
2793456,54549,54552,41821,36,0,0,9.424
2793456,54566,54579,41819,37,0,0,9.649
2793456,54599,54620,41815,38,0,0,9.883
2793456,54713,54735,41816,39,0,0,10.133
2793456,54751,54754,41812,40,0,0,10.368
2793456,54795,54809,41810,41,0,0,10.596
2793456,54833,54849,41808,42,0,0,10.896
2793456,54860,54879,41806,43,0,0,11.047
2793456,54900,54903,41803,44,0,0,11.327
2793456,54928,54956,41801,45,0,0,11.552
2793456,55034,55052,41799,46,0,0,11.795
2793456,55078,55111,41797,47,0,0,12.067
2793456,55150,55155,41795,48,0,0,12.305
2793456,55187,55190,41876,49,0,0,12.588
2790281,53729,53732,46490,2,0,0,0.522
2790281,53747,53751,46491,3,0,0,0.695
2790281,53776,53792,46492,4,0,0,1.017
2790281,53821,53829,46493,5,0,0,1.404
2790281,53853,53857,42187,6,0,0,1.696
2790281,53882,53887,42229,7,0,0,1.957
2790281,53905,53908,46496,8,0,0,2.231
2790281,53926,53929,46497,9,0,0,2.497
2790281,53953,53953,46498,10,0,0,2.745
2790281,53998,54012,45068,11,0,0,3.191
2790281,54029,54031,46333,12,0,0,3.467
2790281,54044,54047,46334,13,0,0,3.715
2790281,54077,54080,46335,14,0,0,4.043
2790281,54102,54115,45072,15,0,0,4.423
2790281,54128,54131,46336,16,0,0,4.625
2790281,54136,54138,46028,17,0,0,4.749
2790281,54181,54184,46029,18,0,0,5.247
2790281,54275,54278,46030,19,0,0,5.714
2790281,54294,54297,46337,20,0,0,5.884
2790281,54325,54363,42797,21,0,0,6.331
2790281,54393,54401,41616,22,0,0,6.568
2790281,54419,54428,41611,23,0,0,6.717
2790281,54451,54463,41613,24,0,0,6.923
2790281,54484,54499,41615,25,0,0,7.167
2790281,54504,54508,41101,26,0,0,7.265
2790281,54514,54518,41110,27,0,0,7.389
2790281,54526,54534,41108,28,0,0,7.533
2790281,54552,54555,41106,29,0,0,7.806
2790281,54578,54592,42104,30,0,0,8.09
2790281,54602,54605,42102,31,0,0,8.242
2790281,54638,54651,42100,32,0,0,8.529
2790281,54673,54706,42098,33,0,0,8.802
2790281,54707,54719,42095,34,0,0,9.131
2790281,54726,54730,42093,35,0,0,9.288
2790281,54754,54772,42091,36,0,0,9.636
2790281,54782,54785,45010,37,0,0,9.807
2790281,54797,54805,42088,38,0,0,10.016
2790281,54818,54829,42085,39,0,0,10.197
2790281,54845,54854,46031,40,0,0,10.428
2790281,54874,54877,42084,41,0,0,10.711
2790281,54887,54898,42081,42,0,0,10.885
2790281,54909,54912,42079,43,0,0,11.054
2790281,54924,54931,42077,44,0,0,11.267
2790281,54964,54972,42074,45,0,0,11.464
2790281,54992,54995,46621,46,0,0,11.799
2790281,54999,55000,42072,47,0,0,11.881
2790281,55012,55028,42070,48,0,0,12.075
2790281,55056,55061,41219,49,0,0,12.38
2790281,55083,55087,42067,50,0,0,12.677
2790281,55112,55117,41557,51,0,0,12.925
2790281,55145,55145,43195,52,0,0,13.161
2790281,55152,55161,43193,53,0,0,13.279
2790281,55183,55193,43191,54,0,0,13.592
2790281,55205,55214,43201,55,0,0,13.773
2790281,55227,55239,43199,56,0,0,13.956
2790281,55247,55255,43197,57,0,0,14.069
2790281,55261,55266,45011,58,0,0,14.17
2790281,55299,55313,41876,59,0,0,14.461
2790587,54106,54109,41197,1,0,0,0.278
2790587,54132,54132,42703,2,0,0,0.564
2790587,54164,54164,43224,3,0,0,0.832
2790587,54183,54183,43222,4,0,0,0.994
2790587,54214,54214,43220,5,0,0,1.249
2790587,54218,54228,43218,6,0,0,1.408
2790587,54244,54252,41788,7,0,0,1.644
2790587,54267,54276,41783,8,0,0,1.865
2790587,54293,54301,41786,9,0,0,2.057
2790587,54324,54328,41193,10,0,0,2.318
2790587,54334,54337,41189,11,0,0,2.435
2790587,54349,54357,41187,12,0,0,2.651
2790587,54381,54383,41185,13,0,0,3.021
2790587,54391,54393,41183,14,0,0,3.183
2790587,54396,54403,46533,15,0,0,3.259
2790587,54415,54418,41181,16,0,0,3.447
2790587,54422,54430,43259,17,0,0,3.537
2790587,54447,54450,41178,18,0,0,3.822
2790587,54467,54470,41176,19,0,0,4.164
2790587,54477,54485,41174,20,0,0,4.294
2790587,54494,54497,43022,21,0,0,4.437
2790587,54508,54522,43037,22,0,0,4.602
2790587,54554,54556,43050,23,0,0,4.823
2790587,54568,54578,46011,24,0,0,5.014
2790587,54588,54597,43043,25,0,0,5.155
2790587,54616,54624,43064,26,0,0,5.415
2790587,54644,54647,43066,27,0,0,5.66
2790587,54662,54692,43068,28,0,0,5.915
2790587,54707,54736,43018,29,0,0,6.101
2790587,54748,54757,43021,30,0,0,6.271
2790587,54824,54829,43430,31,0,0,6.551
2790587,54848,54851,43431,32,0,0,6.837
2790587,54864,54873,43432,33,0,0,7.046
2790587,54898,54901,43433,34,0,0,7.392
2790587,55026,55067,43434,35,0,0,7.856
2790587,55119,55122,46648,36,0,0,8.459
2790587,55130,55166,42509,37,0,0,8.574
2790587,55184,55187,42507,38,0,0,8.805
2790587,55202,55212,42505,39,0,0,9.005
2790587,55238,55248,42503,40,0,0,9.315
2790587,55266,55275,42500,41,0,0,9.534
2790587,55300,55306,42498,42,0,0,9.78
2790587,55318,55321,42496,43,0,0,9.936
2790587,55346,55439,42494,44,0,0,10.207
2790587,55459,55482,42492,45,0,0,10.387
2790587,55487,55529,42489,46,0,0,10.465
2790587,55553,55577,42487,47,0,0,10.748
2790587,55589,55600,42485,48,0,0,10.893
2790587,55612,55633,42483,49,0,0,11.051
2790587,55691,55715,42481,50,0,0,11.213
2790587,55732,55752,42514,51,0,0,11.384
2790587,55768,55771,42512,52,0,0,11.593
2790587,55780,55798,42510,53,0,0,11.722
2790587,55817,55863,42491,54,0,0,11.949
2790587,55903,55906,46012,55,0,0,12.157
2790587,55921,55941,46013,56,0,0,12.385
2790587,55968,55970,46014,57,0,0,12.756
2790587,55991,56024,46015,58,0,0,13.048
2793046,55188,55198,46018,1,0,0,0.521
2793046,55263,55267,46625,2,0,0,0.805
2793046,55428,55432,46109,3,0,0,1.506
2793046,55456,55459,46019,4,0,0,1.887
2793046,55479,55499,46020,5,0,0,2.224
2793046,55529,55546,46021,6,0,0,2.458
2793046,55610,55615,42515,7,0,0,2.599
2793046,55622,55639,42480,8,0,0,2.72
2793046,55660,55664,42511,9,0,0,2.974
2793046,55672,55696,42513,10,0,0,3.091
2793046,55731,55777,42516,11,0,0,3.35
2793046,55784,55804,42482,12,0,0,3.442
2793046,55822,55838,42484,13,0,0,3.613
2793046,55849,55868,42486,14,0,0,3.752
2793046,55890,55900,42488,15,0,0,4.022
2793046,55906,55916,42490,16,0,0,4.116
2793046,55929,55959,42493,17,0,0,4.292
2793046,56400,56458,42495,18,0,0,4.598
2793046,56677,56684,42497,19,0,0,4.831
2793046,56695,56715,42499,20,0,0,4.968
2793046,56732,56743,42501,21,0,0,5.188
2793046,56768,56793,42504,22,0,0,5.493
2793046,56811,56815,42506,23,0,0,5.743
2793046,56827,56846,42508,24,0,0,5.915
2793046,56905,56911,46606,25,0,0,6.16
2793046,57046,57068,43421,26,0,0,6.75
2793046,57134,57161,43422,27,0,0,7.161
2793046,57185,57208,43423,28,0,0,7.456
2793046,57224,57245,43424,29,0,0,7.668
2793046,57270,57299,43425,30,0,0,7.989
2793046,57318,57351,43019,31,0,0,8.194
2793046,57367,57391,43017,32,0,0,8.364
2793046,57406,57417,43016,33,0,0,8.547
2793046,57437,57457,43067,34,0,0,8.818
2793046,57477,57502,43065,35,0,0,9.058
2793046,57525,57536,43056,36,0,0,9.345
2793046,57546,57566,43028,37,0,0,9.48
2793046,57580,57583,43048,38,0,0,9.688
2793046,57597,57609,43035,39,0,0,9.893
2792601,49694,49710,41842,1,0,0,0.306
2792601,49734,49753,41865,2,0,0,0.582
2792601,49767,49808,41887,3,0,0,0.764
2792601,49842,49846,41796,4,0,0,1.126
2792601,49860,49863,41798,5,0,0,1.308
2792601,49883,49934,41800,6,0,0,1.528
2792601,49966,49988,41802,7,0,0,1.863
2792601,50003,50023,41804,8,0,0,2.052
2792601,50043,50062,41807,9,0,0,2.29
2792601,50088,50091,41809,10,0,0,2.633
2792601,50103,50122,41811,11,0,0,2.773
2792601,50158,50179,41813,12,0,0,3.176
2792601,50202,50217,41817,13,0,0,3.472
2792601,50233,50236,41820,14,0,0,3.723
2792601,50245,50247,41822,15,0,0,3.862
2792601,50343,50343,41824,16,0,0,4.223
2792601,50358,50360,41826,17,0,0,4.412
2792601,50417,50420,41828,18,0,0,5.093
2792601,50433,50455,41831,19,0,0,5.273
2792601,50471,50492,41130,20,0,0,5.426
2792601,50499,50509,41133,21,0,0,5.521
2792601,50517,50528,41134,22,0,0,5.641
2792601,50541,50560,42155,23,0,0,5.833
2792601,50568,50576,42156,24,0,0,5.941
2792601,50597,50606,42158,25,0,0,6.2
2792601,50628,50638,42160,26,0,0,6.462
2792601,50692,50714,42718,27,0,0,6.763
2792601,50740,50757,42715,28,0,0,7.11
2792601,50776,50800,42717,29,0,0,7.281
2792601,50813,50853,45014,30,0,0,7.463
2792601,50865,50884,42712,31,0,0,7.613
2792601,50897,50928,42713,32,0,0,7.776
2792601,50946,50963,42709,33,0,0,7.989
2792601,50995,51005,41902,34,0,0,8.252
2792601,51041,51050,41911,35,0,0,8.594
2792601,51072,51081,41909,36,0,0,8.875
2792601,51099,51115,41907,37,0,0,9.083
2792601,51123,51133,43983,38,0,0,9.198
2792601,51149,51163,41016,39,0,0,9.349
2792601,51177,51185,41017,40,0,0,9.535
2792601,51209,51238,43986,41,0,0,9.811
2792601,51267,51276,43987,42,0,0,10.081
2792601,51287,51295,43988,43,0,0,10.241
2792601,51302,51311,42693,44,0,0,10.337
2792601,51330,51339,42701,45,0,0,10.6
2792601,51377,51385,42699,46,0,0,10.99
2792601,51397,51413,42697,47,0,0,11.157
2792601,51425,51435,42695,48,0,0,11.269
2792601,51450,51471,41072,49,0,0,11.488
2792601,51494,51499,41071,50,0,0,11.765
2792601,51507,51515,46305,51,0,0,11.88
2792601,51546,51556,46396,52,0,0,12.262
2792601,51568,51576,46303,53,0,0,12.414
2792601,51589,51597,42727,54,0,0,12.572
2792601,51622,51626,42729,55,0,0,12.907
2791078,52163,52167,42794,1,0,0,1.099
2791078,52280,52280,47031,2,0,0,1.662
2791078,52345,52345,41842,3,0,0,1.93
2791078,52412,52412,41865,4,0,0,2.207
2791078,52456,52456,41887,5,0,0,2.388
2791078,52557,52560,41796,6,0,0,2.751
2791078,52574,52609,41798,7,0,0,2.933
2791078,52638,52668,41800,8,0,0,3.153
2791078,52742,52745,41802,9,0,0,3.488
2791078,52759,52809,41804,10,0,0,3.676
2791078,52827,52842,41807,11,0,0,3.914
2791078,52880,52884,41809,12,0,0,4.257
2791078,52892,52895,41811,13,0,0,4.398
2791078,52922,52936,41813,14,0,0,4.801
2791078,52957,52959,41817,15,0,0,5.097
2791078,52976,52979,41820,16,0,0,5.348
2791078,52988,53001,41822,17,0,0,5.486
2791078,53030,53033,41824,18,0,0,5.848
2791078,53068,53073,41826,19,0,0,6.037
2791078,53284,53289,41828,20,0,0,6.718
2791078,53324,53359,41831,21,0,0,6.898
2791078,53394,53408,41839,22,0,0,7.154
2791078,53427,53445,41834,23,0,0,7.31
2791078,53458,53461,41837,24,0,0,7.472
2791078,53524,53539,41833,25,0,0,7.859
2791078,53551,53584,41841,26,0,0,8.03
2791078,53590,53590,41844,27,0,0,8.238
2791078,53705,53726,41846,28,0,0,8.554
2791078,53940,53958,41848,29,0,0,8.96
2791078,53987,54007,41849,30,0,0,9.163
2791078,54231,54249,41852,31,0,0,9.512
2791078,54272,54297,41854,32,0,0,9.769
2791078,54339,54344,41856,33,0,0,10.106
2791078,54360,54372,41858,34,0,0,10.322
2791078,54398,54402,41860,35,0,0,10.57
2791078,54427,54443,41862,36,0,0,10.929
2791078,54464,54482,41864,37,0,0,11.207
2791078,54495,54510,41867,38,0,0,11.376
2791078,54536,54539,41869,39,0,0,11.575
2791078,54556,54559,41871,40,0,0,11.884
2791078,54571,54584,41873,41,0,0,12.087
2791078,54592,54617,41875,42,0,0,12.197
2791078,54635,54652,41878,43,0,0,12.424
2791078,54665,54684,41880,44,0,0,12.605
2791078,54721,54740,41080,45,0,0,13.14
2791078,54760,54763,41081,46,0,0,13.388
2791078,54782,54782,41083,47,0,0,13.636
2791078,54809,54809,41208,48,0,0,13.818
2791078,54843,54843,41112,49,0,0,14.074
2791078,54858,54858,41114,50,0,0,14.231
2791078,54893,54893,41116,51,0,0,14.509
2791078,54918,54918,43166,52,0,0,14.744
2791078,54930,54930,43168,53,0,0,14.868
2791078,54969,54969,43170,54,0,0,15.324
2791078,54996,54996,43172,55,0,0,15.518
2791078,55008,55008,46397,56,0,0,15.691
2791078,55023,55023,43164,57,0,0,15.874
2791078,55056,55056,46506,58,0,0,16.151
2791078,55073,55073,46622,59,0,0,16.312
2791078,55096,55096,42571,60,0,0,16.564
2791078,55122,55122,41030,61,0,0,16.756
2791078,55133,55133,41031,62,0,0,16.869
2791078,55151,55151,41029,63,0,0,17.046
2792164,53661,53679,42794,1,0,0,1.099
2792164,53748,54010,47031,2,0,0,1.662
2792164,54092,54158,41842,3,0,0,1.93
2792164,54159,54165,41865,4,0,0,2.207
2792164,54176,54199,41887,5,0,0,2.388
2792164,54229,54232,41796,6,0,0,2.751
2792164,54246,54264,41798,7,0,0,2.933
2792164,54304,54374,41800,8,0,0,3.153
2792164,54449,54468,41802,9,0,0,3.488
2792164,54485,54490,41804,10,0,0,3.676
2792164,54510,54528,41807,11,0,0,3.914
2792164,54578,54598,41809,12,0,0,4.257
2792164,54611,54630,41811,13,0,0,4.398
2792164,54664,54689,41813,14,0,0,4.801
2792164,54709,54712,41817,15,0,0,5.097
2792164,54740,54743,41820,16,0,0,5.348
2792164,54751,54768,41822,17,0,0,5.486
2792164,54799,54816,41824,18,0,0,5.848
2792164,54830,54833,41826,19,0,0,6.037
2792164,54880,54897,41828,20,0,0,6.718
2792164,54911,54927,41831,21,0,0,6.898
2792164,54956,54981,41839,22,0,0,7.154
2792164,55006,55010,41834,23,0,0,7.31
2792164,55020,55024,41837,24,0,0,7.472
2792164,55254,55273,41833,25,0,0,7.859
2792164,55286,55286,41841,26,0,0,8.03
2792164,55321,55321,41844,27,0,0,8.238
2792164,55403,55420,41846,28,0,0,8.554
2792164,55643,55665,41848,29,0,0,8.96
2792164,55754,55788,41849,30,0,0,9.163
2792164,56001,56016,41852,31,0,0,9.512
2792164,56044,56058,41854,32,0,0,9.769
2792164,56116,56130,41856,33,0,0,10.106
2792164,56149,56153,41858,34,0,0,10.322
2792164,56182,56197,41860,35,0,0,10.57
2792164,56231,56249,41862,36,0,0,10.929
2792164,56276,56295,41864,37,0,0,11.207
2792164,56332,56369,41867,38,0,0,11.376
2792164,56396,56400,41869,39,0,0,11.575
2792164,56427,56430,41871,40,0,0,11.884
2792164,56446,56449,41873,41,0,0,12.087
2792164,56458,56476,41875,42,0,0,12.197
2792164,56498,56513,41878,43,0,0,12.424
2792164,56529,56555,41880,44,0,0,12.605
2792164,56635,56653,41080,45,0,0,13.14
2792164,56675,56678,41081,46,0,0,13.388
2792164,56697,56705,41083,47,0,0,13.636
2792164,56719,56729,41208,48,0,0,13.818
2792164,56750,56753,41112,49,0,0,14.074
2792164,56765,56769,41114,50,0,0,14.231
2792164,56794,56804,41116,51,0,0,14.509
2792164,56823,56826,43166,52,0,0,14.744
2792164,56835,56843,43168,53,0,0,14.868
2792164,56882,56891,43170,54,0,0,15.324
2792164,56908,56911,43172,55,0,0,15.518
2792164,56924,56927,46397,56,0,0,15.691
2792164,56944,56952,43164,57,0,0,15.874
2792164,56979,56982,46506,58,0,0,16.151
2792164,56998,57004,46622,59,0,0,16.312
2792164,57025,57030,42571,60,0,0,16.564
2792164,57054,57061,41030,61,0,0,16.756
2792164,57068,57073,41031,62,0,0,16.869
2790384,53040,53087,41033,1,0,0,0.284
2790384,53097,53102,42572,2,0,0,0.406
2790384,53119,53121,46623,3,0,0,0.643
2790384,53143,53146,46507,4,0,0,0.85
2790384,53170,53188,42570,5,0,0,1.074
2790384,53202,53209,46398,6,0,0,1.257
2790384,53231,53233,43163,7,0,0,1.447
2790384,53247,53256,43171,8,0,0,1.624
2790384,53299,53311,43169,9,0,0,2.086
2790384,53319,53321,43167,10,0,0,2.197
2790384,53336,53343,43165,11,0,0,2.392
2790384,53377,53381,41117,12,0,0,2.731
2790384,53392,53397,41115,13,0,0,2.879
2790384,53420,53431,41113,14,0,0,3.14
2790384,53445,53454,41209,15,0,0,3.313
2790384,53476,53479,41082,16,0,0,3.577
2790384,53525,53540,41883,17,0,0,3.952
2790384,53585,53595,41881,18,0,0,4.342
2790384,53612,53615,41879,19,0,0,4.53
2790384,53633,53646,41877,20,0,0,4.735
2790384,53658,53661,41874,21,0,0,4.894
2790384,53674,53676,41872,22,0,0,5.085
2790384,53700,53702,41870,23,0,0,5.365
2790384,53709,53713,41868,24,0,0,5.472
2790384,53749,53758,41866,25,0,0,5.744
2790384,53781,53801,41863,26,0,0,6.007
2790384,53849,53860,41861,27,0,0,6.422
2790384,53875,53886,41859,28,0,0,6.624
2790384,53906,53920,41857,29,0,0,6.881
2790384,53945,53957,41855,30,0,0,7.177
2790384,53984,54025,41853,31,0,0,7.475
2790384,54057,54073,41851,32,0,0,7.818
2790384,54321,54400,41850,33,0,0,8.079
2790384,54433,54449,41847,34,0,0,8.5
2790384,54471,54475,41845,35,0,0,8.66
2790384,54494,54496,41843,36,0,0,8.94
2790384,54591,54627,41835,37,0,0,9.15
2790384,54655,54683,41838,38,0,0,9.5
2790384,54697,54729,41836,39,0,0,9.692
2790384,54742,54754,41840,40,0,0,9.846
2790384,54784,54788,41832,41,0,0,10.141
2790384,54851,54860,41830,42,0,0,10.257
2790384,54927,54930,41827,43,0,0,10.9
2790384,54987,55020,41825,44,0,0,11.144
2790384,55070,55099,41823,45,0,0,11.4
2790384,55115,55118,41821,46,0,0,11.617
2790384,55132,55150,41819,47,0,0,11.842
2790384,55181,55209,41815,48,0,0,12.076
2790384,55316,55332,41816,49,0,0,12.326
2790384,55350,55353,41812,50,0,0,12.561
2790384,55371,55386,41810,51,0,0,12.789
2790384,55423,55442,41808,52,0,0,13.089
2790384,55454,55468,41806,53,0,0,13.24
2790384,55490,55505,41803,54,0,0,13.52
2790384,55522,55599,41801,55,0,0,13.745
2790384,55619,55632,41799,56,0,0,13.988
2790384,55653,55659,41797,57,0,0,14.26
2790384,55675,55678,41795,58,0,0,14.498
2790384,55698,55716,41876,59,0,0,14.781
2790384,55734,55738,46423,60,0,0,15.009
2792867,54663,54666,46018,1,0,0,0.577
2792867,54696,54699,46625,2,0,0,0.861
2792867,54837,54840,46109,3,0,0,1.562
2792867,54863,54866,46019,4,0,0,1.943
2792867,54934,54939,46020,5,0,0,2.279
2792867,54963,54968,46021,6,0,0,2.514
2792867,54993,54997,42515,7,0,0,2.655
2792867,55007,55026,42480,8,0,0,2.776
2792867,55045,55048,42511,9,0,0,3.03
2792867,55056,55095,42513,10,0,0,3.147
2792867,55131,55233,42516,11,0,0,3.406
2792867,55240,55267,42482,12,0,0,3.497
2792867,55281,55309,42484,13,0,0,3.668
2792867,55322,55337,42486,14,0,0,3.808
2792867,55361,55373,42488,15,0,0,4.078
2792867,55380,55391,42490,16,0,0,4.172
2792867,55407,55421,42493,17,0,0,4.348
2792867,55465,55491,42495,18,0,0,4.654
2792867,55791,55791,46607,19,0,0,4.823
2792867,55830,55830,46577,20,0,0,5.077
2792867,56316,56324,46578,21,0,0,5.321
2792867,56367,56398,46579,22,0,0,5.651
2792867,56417,56426,46580,23,0,0,5.875
2792867,56451,56473,46581,24,0,0,6.194
2792867,56506,56512,46582,25,0,0,6.4
2792867,56529,56548,46583,26,0,0,6.625
2792867,56588,56611,46584,27,0,0,7.037
2792867,56636,56646,41617,28,0,0,7.363
2792867,56665,56684,41967,29,0,0,7.575
2792867,56697,56715,41969,30,0,0,7.736
2792867,56732,56741,41971,31,0,0,7.966
2792867,56746,56773,41973,32,0,0,8.056
2792867,56796,56815,46585,33,0,0,8.38
2792867,56853,56878,46586,34,0,0,8.689
2792867,56894,56913,46587,35,0,0,8.911
2792867,56937,56957,46588,36,0,0,9.149
2791585,53418,53447,43157,5,0,0,1.054
2791585,53462,53468,43159,6,0,0,1.234
2791585,53476,53479,43108,7,0,0,1.363
2791585,53491,53522,43110,8,0,0,1.555
2791585,53536,53550,43112,9,0,0,1.743
2791585,53568,53587,43114,10,0,0,1.971
2791585,53608,53625,43116,11,0,0,2.243
2791585,53646,53649,43118,12,0,0,2.468
2791585,53658,53668,43120,13,0,0,2.589
2791585,53751,53774,43122,14,0,0,2.848
2791585,53793,53808,43124,15,0,0,3.079
2791585,53821,53842,43126,16,0,0,3.243
2791585,53862,53878,43129,17,0,0,3.397
2791585,53883,53898,43131,18,0,0,3.487
2791585,53917,53967,43133,19,0,0,3.747
2791585,53978,53980,43135,20,0,0,3.889
2791585,53995,54012,43137,21,0,0,4.094
2791585,54037,54040,43140,22,0,0,4.359
2791585,54065,54108,43142,23,0,0,4.735
2791585,54182,54188,43144,24,0,0,5.446
2791585,54260,54265,43147,25,0,0,5.767
2791585,54412,54444,43148,26,0,0,5.965
2792966,51682,51696,46648,1,0,0,0.152
2792966,51724,51742,41312,2,0,0,0.346
2792966,51765,51768,43127,3,0,0,0.596
2792966,51781,51790,43150,4,0,0,0.787
2792966,51811,51832,43157,5,0,0,1.054
2792966,51845,51853,43159,6,0,0,1.234
2792966,51861,51864,43108,7,0,0,1.363
2792966,51878,51909,43110,8,0,0,1.555
2792966,51923,51926,43112,9,0,0,1.743
2792966,51945,51962,43114,10,0,0,1.971
2792966,51985,52026,43116,11,0,0,2.243
2792966,52051,52056,43118,12,0,0,2.468
2792966,52066,52077,43120,13,0,0,2.589
2792966,52137,52156,43122,14,0,0,2.848
2792966,52173,52181,43124,15,0,0,3.079
2792966,52195,52204,43126,16,0,0,3.243
2792966,52217,52232,43129,17,0,0,3.397
2792966,52239,52248,43131,18,0,0,3.487
2792966,52267,52293,43133,19,0,0,3.747
2792966,52304,52318,43135,20,0,0,3.889
2792966,52333,52354,43137,21,0,0,4.094
2792966,52382,52386,43140,22,0,0,4.359
2792966,52410,52429,43142,23,0,0,4.735
2792966,52480,52499,43144,24,0,0,5.446
2792966,52553,52558,43147,25,0,0,5.767
2792966,52575,52614,43148,26,0,0,5.965
2793244,53339,53372,43343,1,0,0,0.574
2793244,53390,53399,43146,2,0,0,0.785
2793244,53531,53542,43145,3,0,0,1.124
2793244,53587,53590,43143,4,0,0,1.726
2793244,53640,53644,43438,5,0,0,2.21
2793244,53660,53681,43139,6,0,0,2.449
2793244,53692,53697,43136,7,0,0,2.604
2793244,53750,53772,43134,8,0,0,2.778
2793244,53788,53788,43132,9,0,0,2.981
2793244,53808,53808,43130,10,0,0,3.074
2793244,53842,53842,43128,11,0,0,3.229
2793244,53858,53866,43125,12,0,0,3.392
2793244,53875,53959,43123,13,0,0,3.595
2793244,53990,54000,43121,14,0,0,3.88
2793244,54016,54025,43119,15,0,0,4.072
2793244,54037,54046,43117,16,0,0,4.22
2793244,54069,54095,43115,17,0,0,4.497
2793244,54113,54113,43113,18,0,0,4.719
2793244,54137,54137,43111,19,0,0,4.883
2793244,54176,54183,43109,20,0,0,5.114
2793244,54190,54209,43107,21,0,0,5.236
2793244,54221,54244,43158,22,0,0,5.41
2793244,54265,54273,43156,23,0,0,5.668
2793244,54283,54297,43138,24,0,0,5.796
2793244,54315,54319,46408,25,0,0,6.055
2793244,54332,54349,41313,26,0,0,6.196
2793244,54434,54446,46409,27,0,0,6.539
2793244,54453,54457,46441,28,0,0,6.648
2793244,54477,54480,46410,29,0,0,7.034
2793244,54493,54498,46432,30,0,0,7.25
2793244,54620,54639,43392,31,0,0,9.236
2793244,54653,54670,43393,32,0,0,9.408
2793244,54694,54701,43394,33,0,0,9.716
2793244,54711,54730,43395,34,0,0,9.857
2794318,57564,57585,43343,1,0,0,0.574
2792275,55551,55554,43295,1,0,0,0.418
2792275,55618,55622,41505,2,0,0,0.785
2792275,55667,55672,41502,3,0,0,1.057
2792275,55730,55752,45058,4,0,0,1.371
2792275,55843,55870,42828,5,0,0,1.876
2792275,55887,55934,42830,6,0,0,2.063
2792275,55946,55950,46422,7,0,0,2.25
2792275,56036,56041,42832,8,0,0,2.947
2792275,56208,56237,41958,9,0,0,3.23
2792275,56314,56346,41937,10,0,0,3.526
2792275,56388,56392,43147,11,0,0,3.875
2792275,56408,56459,43148,12,0,0,4.073
2792275,56481,56565,43507,13,0,0,4.375
2792275,56591,56635,43509,14,0,0,4.587
2792275,56675,56697,41342,15,0,0,4.851
2792275,56709,56713,41360,16,0,0,5.026
2792275,56762,56785,41380,17,0,0,5.311
2792275,57008,57085,41395,18,0,0,5.646
2792275,57103,57105,41323,19,0,0,5.89
2792275,57115,57118,41325,20,0,0,6.048
2792275,57140,57161,41327,21,0,0,6.348
2792275,57185,57235,41331,22,0,0,6.642
2792275,57250,57271,41334,23,0,0,6.81
2792275,57281,57291,41336,24,0,0,6.954
2792275,57303,57320,41338,25,0,0,7.106
2792275,57333,57404,41339,26,0,0,7.268
2792275,57414,57438,41341,27,0,0,7.383
2792275,57452,57455,41344,28,0,0,7.581
2792275,57474,57500,41346,29,0,0,7.831
2792275,57521,57542,41348,30,0,0,8.025
2792275,57555,57577,41350,31,0,0,8.181
2792275,57600,57617,41353,32,0,0,8.388
2793790,56826,56854,43295,1,0,0,0.418
2793790,56899,56902,41505,2,0,0,0.785
2793790,56936,56939,41502,3,0,0,1.057
2793790,56970,56975,45058,4,0,0,1.371
2793790,57070,57093,42828,5,0,0,1.876
2793790,57106,57131,42830,6,0,0,2.063
2793790,57143,57146,46422,7,0,0,2.25
2793790,57305,57401,42832,8,0,0,2.947
2793790,57429,57479,41958,9,0,0,3.23
2793790,57526,57548,41937,10,0,0,3.526
2793437,47927,47942,41842,1,0,0,0.306
2793437,47963,47978,41865,2,0,0,0.582
2793437,47992,48012,41887,3,0,0,0.764
2793437,48041,48054,41796,4,0,0,1.126
2793437,48068,48073,41798,5,0,0,1.308
2793437,48098,48172,41800,6,0,0,1.528
2793437,48243,48259,41802,7,0,0,1.863
2793437,48277,48321,41804,8,0,0,2.052
2793437,48352,48368,41807,9,0,0,2.29
2793437,48400,48417,41809,10,0,0,2.633
2793437,48426,48430,41811,11,0,0,2.773
2793437,48466,48501,41813,12,0,0,3.176
2793437,48521,48524,41817,13,0,0,3.472
2793437,48539,48542,41820,14,0,0,3.723
2793437,48550,48553,41822,15,0,0,3.862
2793437,48581,48583,41824,16,0,0,4.223
2793437,48595,48598,41826,17,0,0,4.412
2793437,48717,48732,42705,18,0,0,6.18
2793437,48744,48761,42719,19,0,0,6.324
2793437,48777,48787,42721,20,0,0,6.533
2793437,48816,48842,42718,21,0,0,6.863
2793437,48868,48878,42715,22,0,0,7.21
2793437,48896,48970,42717,23,0,0,7.381
2793437,48983,48986,45014,24,0,0,7.563
2793437,48996,49014,42712,25,0,0,7.713
2793437,49025,49028,42713,26,0,0,7.876
2793437,49042,49060,42709,27,0,0,8.089
2793437,49080,49087,42710,28,0,0,8.404
2793437,49090,49098,43995,29,0,0,8.537
2793437,49107,49123,42707,30,0,0,8.662
2793437,49142,49144,46415,31,0,0,8.953
2793437,49168,49185,43996,32,0,0,9.278
2793437,49203,49205,46391,33,0,0,9.546
2793437,49217,49236,43997,34,0,0,9.728
2790255,53278,53281,41010,1,0,0,0.344
2790255,53295,53307,41011,2,0,0,0.525
2790255,53323,53326,46392,3,0,0,0.732
2790255,53346,53356,41012,4,0,0,0.99
2790255,53383,53386,46416,5,0,0,1.333
2790255,53398,53401,41013,6,0,0,1.5
2790255,53409,53424,41015,7,0,0,1.599
2790255,53434,53445,41014,8,0,0,1.724
2790255,53480,53490,42704,9,0,0,2.16
2790255,53507,53511,42706,10,0,0,2.373
2790255,53524,53535,42708,11,0,0,2.557
2790255,53560,53597,42711,12,0,0,2.84
2790255,53617,53634,42714,13,0,0,3.053
2790255,53667,53673,42723,14,0,0,3.455
2790255,53713,53723,42722,15,0,0,3.735
2790255,53742,53764,42720,16,0,0,3.944
2790255,53780,53791,42716,17,0,0,4.141
2790255,53996,53996,41827,18,0,0,6.205
2790255,54022,54022,41825,19,0,0,6.449
2790255,54032,54037,41823,20,0,0,6.705
2790255,54053,54056,41821,21,0,0,6.922
2790255,54074,54093,41819,22,0,0,7.147
2790255,54115,54119,41815,23,0,0,7.381
2790255,54141,54171,41816,24,0,0,7.631
2790255,54190,54194,41812,25,0,0,7.866
2790255,54215,54220,41810,26,0,0,8.094
2790255,54248,54274,41808,27,0,0,8.394
2790255,54286,54330,41806,28,0,0,8.545
2790255,54365,54370,41803,29,0,0,8.825
2790255,54392,54410,41801,30,0,0,9.05
2790255,54430,54433,41799,31,0,0,9.293
2790255,54454,54505,41797,32,0,0,9.565
2790255,54525,54556,41795,33,0,0,9.803
2790255,54578,54581,41876,34,0,0,10.086
2792567,46816,46816,41827,18,0,0,6.205
2792567,46842,46842,41825,19,0,0,6.449
2792567,46959,46962,41823,20,0,0,6.705
2792567,46973,46975,41821,21,0,0,6.922
2792567,46989,47004,41819,22,0,0,7.147
2792567,47022,47030,41815,23,0,0,7.381
2792567,47072,47075,41816,24,0,0,7.631
2792567,47089,47091,41812,25,0,0,7.866
2792567,47106,47110,41810,26,0,0,8.094
2792567,47142,47148,41808,27,0,0,8.394
2792567,47170,47210,41806,28,0,0,8.545
2792567,47258,47263,41803,29,0,0,8.825
2792567,47293,47355,41801,30,0,0,9.05
2792567,47373,47376,41799,31,0,0,9.293
2792567,47393,47397,41797,32,0,0,9.565
2792567,47412,47435,41795,33,0,0,9.803
2792567,47454,47456,41876,34,0,0,10.086
2791283,50489,50501,41893,1,0,0,0.54
2791283,50524,50527,41891,2,0,0,0.762
2791283,50544,50546,41890,3,0,0,0.97
2791283,50556,50568,41888,4,0,0,1.109
2791283,50581,50585,46437,5,0,0,1.303
2791283,50596,50614,41885,6,0,0,1.489
2791283,50634,50649,41883,7,0,0,1.759
2791283,50682,50691,41881,8,0,0,2.149
2791283,50704,50707,41879,9,0,0,2.337
2791283,50721,50772,41877,10,0,0,2.542
2791283,50783,50785,41874,11,0,0,2.7
2791283,50796,50799,41872,12,0,0,2.892
2791283,50815,50818,41870,13,0,0,3.171
2791283,50824,50829,41868,14,0,0,3.279
2791283,50870,50927,41866,15,0,0,3.551
2791283,50946,50958,41863,16,0,0,3.814
2791283,50988,50994,41861,17,0,0,4.229
2791283,51045,51052,43183,18,0,0,4.689
2791283,51063,51072,43184,19,0,0,4.84
2791283,51088,51096,42551,20,0,0,5.043
2791283,51113,51121,45018,21,0,0,5.259
2791283,51133,51147,42553,22,0,0,5.424
2791283,51167,51180,42555,23,0,0,5.665
2791283,51209,51214,41077,24,0,0,5.971
2791283,51225,51233,41078,25,0,0,6.12
2791283,51243,51251,46303,26,0,0,6.26
2791283,51263,51273,42727,27,0,0,6.419
2791283,51298,51303,42729,28,0,0,6.753
2791283,51330,51333,46345,29,0,0,6.955
2791283,51381,51398,46382,30,0,0,7.307
2791283,51473,51476,46512,31,0,0,7.76
2791283,51495,51503,46425,32,0,0,8.038
2791283,51523,51527,46389,33,0,0,8.369
2791283,51551,51571,46094,34,0,0,8.649
2791283,51588,51590,45021,35,0,0,8.917
2791283,51605,51607,45020,36,0,0,9.202
2791283,51618,51639,41740,37,0,0,9.395
2791283,51666,51671,41739,38,0,0,9.692
2791283,51729,51742,46095,39,0,0,9.964
2791283,51817,51890,46096,40,0,0,10.821
2791283,51914,51916,46097,41,0,0,11.206
2791283,51931,51944,41745,42,0,0,11.493
2791283,51968,51970,41743,43,0,0,11.87
2791283,51989,51991,41741,44,0,0,12.209
2791283,52008,52057,42840,45,0,0,12.412
2791283,52072,52085,42841,46,0,0,12.59
2791283,52099,52116,45042,47,0,0,12.784
2791283,52195,52209,43248,48,0,0,13.148
2791283,52219,52222,43900,49,0,0,13.303
2791283,52240,52254,43372,50,0,0,13.606
2791283,52270,52287,46304,51,0,0,13.816
2792213,56870,56878,41216,1,0,0,0.199
2792213,56917,56923,42647,2,0,0,0.463
2792213,56946,56949,42646,3,0,0,0.669
2792213,56975,56978,42644,4,0,0,0.925
2792213,56985,56988,42642,5,0,0,1.067
2792213,57000,57003,42640,6,0,0,1.276
2792213,57017,57020,42677,7,0,0,1.545
2792213,57029,57032,46407,8,0,0,1.718
2792213,57041,57054,42675,9,0,0,1.838
2792213,57066,57069,43436,10,0,0,2.016
2792213,57076,57079,46439,11,0,0,2.148
2792213,57085,57088,42673,12,0,0,2.271
2792213,57110,57126,42649,13,0,0,2.51
2792213,57147,57147,41271,14,0,0,2.748
2792213,57164,57164,42823,15,0,0,2.902
2792213,57275,57287,42430,16,0,0,3.916
2792213,57303,57306,42827,17,0,0,4.16
2792213,57311,57314,42848,18,0,0,4.274
2792213,57325,57327,42874,19,0,0,4.499
2792213,57332,57335,42878,20,0,0,4.619
2792213,57358,57374,42883,21,0,0,4.978
2792213,57392,57408,42801,22,0,0,5.194
2792213,57424,57427,46652,23,0,0,5.411
2792213,57447,57455,46139,24,0,0,5.592
2792213,57478,57487,46140,25,0,0,5.905
2792213,57515,57523,41617,26,0,0,6.217
2792213,57545,57554,46141,27,0,0,6.474
2792213,57579,57602,46142,28,0,0,6.685
2792224,55629,55673,41842,1,0,0,0.511
2792224,55674,55689,41865,2,0,0,0.787
2792224,55704,55711,41887,3,0,0,0.969
2792224,55781,55784,41796,4,0,0,1.332
2792224,55795,55798,41798,5,0,0,1.513
2792224,55817,55828,41800,6,0,0,1.734
2792224,55839,55844,41341,7,0,0,1.861
2792224,55860,55875,41344,8,0,0,2.059
2792224,55893,55952,41346,9,0,0,2.308
2792224,55969,55988,41348,10,0,0,2.502
2792224,56001,56018,41350,11,0,0,2.659
2792224,56032,56035,41353,12,0,0,2.865
2792224,56071,56075,42521,13,0,0,3.096
2792224,56088,56091,42519,14,0,0,3.297
2792224,56102,56122,42517,15,0,0,3.476
2792224,56134,56151,42528,16,0,0,3.649
2792224,56157,56168,42526,17,0,0,3.757
2792224,56188,56200,42524,18,0,0,4.022
2792224,56204,56210,46160,19,0,0,4.101
2792224,56223,56230,46161,20,0,0,4.265
2792224,56240,56260,46162,21,0,0,4.404
2792224,56263,56271,42238,22,0,0,4.483
2792224,56285,56304,41146,23,0,0,4.634
2792224,56321,56329,41144,24,0,0,4.882
2792224,56336,56343,46163,25,0,0,4.994
2792224,56355,56372,46164,26,0,0,5.162
2792224,56382,56396,46165,27,0,0,5.321
2792224,56408,56417,43391,28,0,0,5.502
2792224,56432,56439,43203,29,0,0,5.731
2792224,56462,56480,43211,30,0,0,5.965
2792224,56497,56518,43209,31,0,0,6.199
2792224,56540,56559,43207,32,0,0,6.495
2792224,56577,56602,43205,33,0,0,6.765
2792224,56621,56639,41975,34,0,0,7.028
2792224,56660,56678,41978,35,0,0,7.296
2792224,56699,56717,41980,36,0,0,7.599
2792224,56732,56761,41982,37,0,0,7.798
2792224,56790,56796,42561,38,0,0,8.074
2792224,56820,56837,42568,39,0,0,8.374
2792224,56865,56872,42566,40,0,0,8.737
2792224,56898,56901,46636,41,0,0,9.088
2792224,56915,56919,41386,42,0,0,9.243
2792224,56929,56945,41388,43,0,0,9.41
2792224,57003,57031,41390,44,0,0,9.779
2792224,57046,57060,41393,45,0,0,9.987
2792224,57110,57113,42101,46,0,0,10.28
2792224,57138,57142,45065,47,0,0,10.574
2792224,57152,57155,41105,48,0,0,10.738
2792224,57173,57186,41107,49,0,0,10.995
2792224,57197,57202,41109,50,0,0,11.146
2792224,57235,57252,41614,51,0,0,11.472
2792224,57266,57287,41612,52,0,0,11.672
2792224,57302,57310,41609,53,0,0,11.882
2792224,57316,57319,41610,54,0,0,11.991
2792457,52218,52248,41842,1,0,0,0.511
2792457,52266,52266,41865,2,0,0,0.787
2792457,52297,52297,41887,3,0,0,0.969
2792457,52338,52342,41796,4,0,0,1.332
2792457,52355,52359,41798,5,0,0,1.513
2792457,52379,52385,41800,6,0,0,1.734
2792457,52397,52401,41341,7,0,0,1.861
2792457,52414,52417,41344,8,0,0,2.059
2792457,52433,52436,41346,9,0,0,2.308
2792457,52449,52465,41348,10,0,0,2.502
2792457,52477,52481,41350,11,0,0,2.659
2792457,52496,52511,41353,12,0,0,2.865
2792457,52594,52599,42521,13,0,0,3.096
2792457,52612,52614,42519,14,0,0,3.297
2792457,52625,52628,42517,15,0,0,3.476
2792457,52640,52662,42528,16,0,0,3.649
2792457,52670,52686,42526,17,0,0,3.757
2792457,52712,52722,42524,18,0,0,4.022
2792457,52726,52735,46160,19,0,0,4.101
2792457,52748,52757,46161,20,0,0,4.265
2792457,52768,52778,46162,21,0,0,4.404
2792457,52782,52792,42238,22,0,0,4.483
2792457,52808,52823,41146,23,0,0,4.634
2792457,52842,52852,41144,24,0,0,4.882
2792457,52860,52868,46163,25,0,0,4.994
2792457,52880,52883,46164,26,0,0,5.162
2792457,52895,52914,46165,27,0,0,5.321
2792457,52928,52937,43391,28,0,0,5.502
2792457,52954,52976,43203,29,0,0,5.731
2792457,53001,53011,43211,30,0,0,5.965
2792457,53029,53040,43209,31,0,0,6.199
2792457,53062,53072,43207,32,0,0,6.495
2792457,53092,53103,43205,33,0,0,6.765
2792457,53123,53132,41975,34,0,0,7.028
2792457,53155,53164,41978,35,0,0,7.296
2792457,53188,53191,41980,36,0,0,7.599
2792457,53208,53228,41982,37,0,0,7.798
2792457,53260,53277,42561,38,0,0,8.074
2792457,53303,53313,42568,39,0,0,8.374
2792457,53342,53351,42566,40,0,0,8.737
2792457,53382,53402,46636,41,0,0,9.088
2792457,53489,53493,41386,42,0,0,9.243
2792457,53502,53505,41388,43,0,0,9.41
2792457,53533,53553,41390,44,0,0,9.779
2792457,53570,53585,41393,45,0,0,9.987
2792457,53631,53634,42101,46,0,0,10.28
2792457,53664,53681,45065,47,0,0,10.574
2792457,53693,53697,41105,48,0,0,10.738
2792457,53716,53726,41107,49,0,0,10.995
2792457,53736,53739,41109,50,0,0,11.146
2792457,53780,53797,41614,51,0,0,11.472
2792457,53816,53839,41612,52,0,0,11.672
2792457,53856,53871,41609,53,0,0,11.882
2792457,53878,53883,41610,54,0,0,11.991
2790073,49719,49736,43343,1,0,0,0.592
2790073,49756,49761,43146,2,0,0,0.804
2790073,49813,49833,41957,3,0,0,1.141
2790073,49855,49888,41952,4,0,0,1.434
2790073,49955,49959,41942,5,0,0,1.823
2790073,49986,50027,41965,6,0,0,2.266
2790073,50051,50095,46268,7,0,0,2.595
2790073,50099,50113,41963,8,0,0,2.668
2790073,50121,50124,41962,9,0,0,2.793
2790073,50143,50153,41950,10,0,0,3.028
2790073,50171,50171,41943,11,0,0,3.23
2790073,50626,50629,41945,12,0,0,3.875
2790073,50646,50666,41946,13,0,0,4.13
2790073,50678,50681,41948,14,0,0,4.303
2790073,50695,50698,41951,15,0,0,4.539
2790073,50712,50715,41953,16,0,0,4.837
2790073,50783,50803,41956,17,0,0,5.324
2790073,50817,50820,46222,18,0,0,5.51
2790073,50827,50830,46223,19,0,0,5.652
2790073,50863,50867,46224,20,0,0,6.1
2790073,50878,50887,46225,21,0,0,6.258
2790073,50908,50927,46226,22,0,0,6.531
2790073,50956,50965,46227,23,0,0,6.857
2790073,50975,50991,46228,24,0,0,6.997
2790073,51014,51035,46229,25,0,0,7.279
2790073,51046,51066,42550,26,0,0,7.411
2790073,51077,51085,42531,27,0,0,7.554
2790073,51105,51114,42533,28,0,0,7.766
2790073,51131,51145,42535,29,0,0,7.963
2790073,51167,51181,42537,30,0,0,8.138
2790073,51205,51218,42539,31,0,0,8.433
2790073,51234,51244,42542,32,0,0,8.629
2790073,51264,51273,42548,33,0,0,8.849
2790073,51291,51312,42546,34,0,0,9.077
2790073,51335,51350,42541,35,0,0,9.375
2790073,51369,51385,46445,36,0,0,9.597
2790073,51411,51421,46446,37,0,0,9.931
2790073,51432,51451,46447,38,0,0,10.075
2790073,51469,51488,46448,39,0,0,10.309
2790073,51514,51527,46449,40,0,0,10.648
2790073,51541,51559,46450,41,0,0,10.836
2790073,51578,51586,46451,42,0,0,11.076
2790073,51602,51610,46452,43,0,0,11.307
2790073,51624,51645,46453,44,0,0,11.475
2790073,51668,51690,43403,45,0,0,11.749
2790073,51714,51733,41530,46,0,0,12.072
2790073,51744,51755,41532,47,0,0,12.226
2790073,51820,51845,46317,48,0,0,12.457
2790073,51869,51883,46277,49,0,0,12.805
2790073,51911,51915,41663,50,0,0,12.916
2790073,51925,51933,41665,51,0,0,13.069
2790073,51962,51965,41655,52,0,0,13.34
2790073,51971,51980,41656,53,0,0,13.448
2790073,51994,52003,41658,54,0,0,13.645
2790073,52024,52033,42574,55,0,0,13.94
2790073,52063,52071,42576,56,0,0,14.196
2790073,52098,52107,42578,57,0,0,14.561
2790073,52119,52130,42580,58,0,0,14.729
2790073,52151,52156,42886,59,0,0,14.979
2790073,52166,52175,42888,60,0,0,15.13
2790073,52196,52199,42890,61,0,0,15.407
2790073,52210,52224,42893,62,0,0,15.592
2790073,52243,52251,42897,63,0,0,15.818
2792110,55007,55022,43295,1,0,0,0.378
2792110,55152,55167,41505,2,0,0,0.745
2792110,55236,55256,41502,3,0,0,1.017
2792110,55279,55305,45058,4,0,0,1.331
2792110,55344,55348,41508,5,0,0,1.56
2792110,55377,55397,42826,6,0,0,1.821
2792110,55506,55521,46633,7,0,0,2.336
2792110,55534,55554,41290,8,0,0,2.506
2792110,55624,55644,41288,9,0,0,2.911
2792110,55662,55676,41286,10,0,0,3.155
2792110,55696,55699,41284,11,0,0,3.425
2792110,55723,55743,41302,12,0,0,3.742
2792110,55800,55803,42480,13,0,0,3.97
2792110,55822,55836,42511,14,0,0,4.224
2792110,55845,55894,42513,15,0,0,4.341
2792110,55920,55993,42516,16,0,0,4.6
2792110,55999,56026,42482,17,0,0,4.691
2792110,56038,56046,42484,18,0,0,4.863
2792110,56058,56072,42486,19,0,0,5.002
2792110,56095,56103,42488,20,0,0,5.272
2792110,56109,56118,42490,21,0,0,5.366
2792110,56175,56204,42493,22,0,0,5.542
2792110,56444,56507,42495,23,0,0,5.848
2792110,56742,56761,41057,24,0,0,6.087
2792110,56775,56784,41064,25,0,0,6.26
2792110,56810,56830,41062,26,0,0,6.575
2792110,56845,56853,41060,27,0,0,6.799
2792110,56876,56954,41058,28,0,0,7.038
2792110,56991,57010,43047,29,0,0,7.313
2792110,57043,57056,43045,30,0,0,7.488
2792110,57069,57071,43042,31,0,0,7.684
2792110,57102,57106,43040,32,0,0,7.88
2792110,57135,57138,43038,33,0,0,8.173
2792110,57188,57209,43033,34,0,0,8.878
2792110,57268,57271,45008,35,0,0,9.138
2792110,57299,57305,43034,36,0,0,9.379
2792110,57321,57340,43030,37,0,0,9.603
2792110,57362,57381,43027,38,0,0,9.92
2792110,57404,57408,43025,39,0,0,10.28
2792110,57428,57435,43023,40,0,0,10.527
2792110,57444,57453,43019,41,0,0,10.656
2792110,57465,57485,43017,42,0,0,10.826
2792110,57498,57510,43016,43,0,0,11.008
2792110,57527,57530,43067,44,0,0,11.279
2792110,57544,57561,43065,45,0,0,11.519
2792110,57570,57570,41714,46,0,0,11.72
